effectiveness,ellapsed_time
0.00326278, 364
0.00326278, 264
0.00326278, 310
0.00326278, 316
0.00326278, 305
0.00326278, 264
0.00326278, 284
0.00326278, 300
0.00326278, 267
0.00326278, 290
0.00326278, 294
0.00326278, 281
0.00326278, 276
0.00326278, 307
0.00326278, 304
0.00326278, 279
0.00326278, 287
0.00326278, 301
0.00326278, 297
0.00326278, 301
0.00326145, 299
0.00326278, 303
0.00326278, 291
0.00326278, 300
0.00326278, 290
0.00326278, 271
0.00326278, 290
0.00326278, 298
0.00326278, 283
0.00326278, 298
