10 13 100
100 20 1
0
0
-148.43546  -65.32209  7.9473586  -13.907335  114.5843  63.536064  61.958286  21.038813  -39.31033  32.67636  -54.591377  64.37004  33.247387  -20.374685  42.66167  -52.378754  -20.594463  21.27228  -26.791958  33.149582  -18.842392  0.2473369  -68.63826  39.985237  -12.927365  36.32148  12.030824  68.94414  23.495497  2.9124994  -2.1216764  68.41083  4.908986  9.408572  0.67746097  3.1411166  -3.6991115  0.6361122  9.440907  78.39461  8.150377  -46.11588  -35.439648  9.2886915  -0.39801392  10.44368  10.354521  -0.45289034  48.033405  6.9483747  -9.658462  9.126504  -8.2637415  -54.505913  -24.420341  -4.447011  -1.0709419  -12.430357  -0.65054303  -9.410802  10.870555  -38.74436  -1.4388571  -14.076994  8.862111  0.9504135  34.687466  39.662056  -2.792527  -24.182573  -2.714111  69.02534  -1.8883461  29.647684  -1.0889846  -24.043087  31.468012  -16.418056  27.539867  -13.266277  18.408474  15.843576  -24.750532  -1.6991403  -1.9440622  -17.982227  -8.720738  -4.8670764  -32.400707  5.7904687  -23.217596  -7.526636  -39.375725  5.9538207  33.621967  16.493702  3.134203  -18.592516  -4.1146975  25.648685
0
-151.30869  -77.92356  94.51547  2.999639  134.55048  4.3018875  59.443367  29.710722  8.660613  -0.6826179  40.878674  22.409006  -12.000172  -69.81802  -4.582373  -25.042295  22.032946  27.777042  19.698149  -7.361743  -7.3797355  -23.68388  -62.001724  -17.111866  -7.034957  6.266264  -18.197123  -45.641575  2.399311  61.9565  -6.6745286  38.569767  -31.76061  -64.83641  -31.928074  -24.75241  36.679035  -8.789191  4.357762  39.796684  27.168697  15.034656  -15.832447  -18.362255  24.262825  4.33553  34.151665  17.732431  45.4595  4.7235026  -15.2288685  11.806744  -11.642359  -44.182938  -34.643932  0.33508232  4.6949673  -13.470581  24.401285  -2.0439415  20.326443  13.049514  -27.279337  -22.697691  -2.6631665  -18.28429  -10.109046  -5.1691995  -42.98476  7.5055246  44.48811  15.658186  -7.111417  9.807427  2.4707227  14.639262  23.750366  -11.312007  21.955368  -25.716646  14.457709  16.258741  -11.648775  0.8863453  -30.19252  -47.0642  7.1710076  -1.4845611  -1.7573323  -7.0731287  -0.82396305  5.29839  -19.273184  1.5223264  19.079287  -19.771193  26.954506  2.102267  56.262615  16.248913
0
-0.6458954  -0.54427695  3.122711  2.2169824  8.026164  1.3674783  0.7293699  2.590736  -2.374827  3.1214626  -2.0138154  5.5931783  5.013635  -4.2204895  0.7592228  -1.444687  0.7906608  3.779483  2.6517663  2.6353776  0.82591736  4.1789966  -0.7333297  -1.0260726  1.6252874  0.37662  0.10090621  -1.6930532  0.03492492  -0.0658653  0.9056047  -1.0354615  1.0041972  0.38123196  -1.7675517  -0.3693207  -0.65818477  0.8590297  -0.8575303  -1.4132264  1.6399128  -1.6206042  0.48937145  0.0777953  -0.62176085  3.980807  1.4726429  -3.0286634  1.1415776  -1.27437  1.2119192  -3.4732962  2.92751  1.1258798  0.8317368  3.9365852  0.822907  -0.45971957  -0.21366075  0.43622392  -0.14345032  1.1139383  -0.19540338  1.1902335  0.04817769  0.43855748  -1.3178512  0.20214626  -0.84485257  0.15656361  2.1805387  0.35623205  0.6403024  1.1308253  -0.48419172  -0.60408294  -1.8336074  5.4887147  -3.7292452  0.033182953  -0.011227997  -0.026663749  -0.14673224  -1.1763844  0.053048484  -0.12357234  1.8054862  -0.40199777  1.0476855  -0.21315889  -0.60649157  -0.22232647  0.17227224  0.4955158  0.20712131  -0.4396793  -0.9127236  1.2869138  -0.11525642  0.38571975
0
-148.43546  -65.32209  7.9473586  -13.907335  114.5843  63.536064  61.958286  21.038813  -39.31033  32.67636  -54.591377  64.37004  33.247387  -20.374685  42.66167  -52.378754  -20.594463  21.27228  -26.791958  33.149582  -18.842392  0.2473369  -68.63826  39.985237  -12.927365  36.32148  12.030824  68.94414  23.495497  2.9124994  -2.1216764  68.41083  4.908986  9.408572  0.67746097  3.1411166  -3.6991115  0.6361122  9.440907  78.39461  8.150377  -46.11588  -35.439648  9.2886915  -0.39801392  10.44368  10.354521  -0.45289034  48.033405  6.9483747  -9.658462  9.126504  -8.2637415  -54.505913  -24.420341  -4.447011  -1.0709419  -12.430357  -0.65054303  -9.410802  10.870555  -38.74436  -1.4388571  -14.076994  8.862111  0.9504135  34.687466  39.662056  -2.792527  -24.182573  -2.714111  69.02534  -1.8883461  29.647684  -1.0889846  -24.043087  31.468012  -16.418056  27.539867  -13.266277  18.408474  15.843576  -24.750532  -1.6991403  -1.9440622  -17.982227  -8.720738  -4.8670764  -32.400707  5.7904687  -23.217596  -7.526636  -39.375725  5.9538207  33.621967  16.493702  3.134203  -18.592516  -4.1146975  25.648685
0
-148.43546  -65.32209  7.9473586  -13.907335  114.5843  63.536064  61.958286  21.038813  -39.31033  32.67636  -54.591377  64.37004  33.247387  -20.374685  42.66167  -52.378754  -20.594463  21.27228  -26.791958  33.149582  -18.842392  0.2473369  -68.63826  39.985237  -12.927365  36.32148  12.030824  68.94414  23.495497  2.9124994  -2.1216764  68.41083  4.908986  9.408572  0.67746097  3.1411166  -3.6991115  0.6361122  9.440907  78.39461  8.150377  -46.11588  -35.439648  9.2886915  -0.39801392  10.44368  10.354521  -0.45289034  48.033405  6.9483747  -9.658462  9.126504  -8.2637415  -54.505913  -24.420341  -4.447011  -1.0709419  -12.430357  -0.65054303  -9.410802  10.870555  -38.74436  -1.4388571  -14.076994  8.862111  0.9504135  34.687466  39.662056  -2.792527  -24.182573  -2.714111  69.02534  -1.8883461  29.647684  -1.0889846  -24.043087  31.468012  -16.418056  27.539867  -13.266277  18.408474  15.843576  -24.750532  -1.6991403  -1.9440622  -17.982227  -8.720738  -4.8670764  -32.400707  5.7904687  -23.217596  -7.526636  -39.375725  5.9538207  33.621967  16.493702  3.134203  -18.592516  -4.1146975  25.648685
0
-148.43546  -65.32209  7.9473586  -13.907335  114.5843  63.536064  61.958286  21.038813  -39.31033  32.67636  -54.591377  64.37004  33.247387  -20.374685  42.66167  -52.378754  -20.594463  21.27228  -26.791958  33.149582  -18.842392  0.2473369  -68.63826  39.985237  -12.927365  36.32148  12.030824  68.94414  23.495497  2.9124994  -2.1216764  68.41083  4.908986  9.408572  0.67746097  3.1411166  -3.6991115  0.6361122  9.440907  78.39461  8.150377  -46.11588  -35.439648  9.2886915  -0.39801392  10.44368  10.354521  -0.45289034  48.033405  6.9483747  -9.658462  9.126504  -8.2637415  -54.505913  -24.420341  -4.447011  -1.0709419  -12.430357  -0.65054303  -9.410802  10.870555  -38.74436  -1.4388571  -14.076994  8.862111  0.9504135  34.687466  39.662056  -2.792527  -24.182573  -2.714111  69.02534  -1.8883461  29.647684  -1.0889846  -24.043087  31.468012  -16.418056  27.539867  -13.266277  18.408474  15.843576  -24.750532  -1.6991403  -1.9440622  -17.982227  -8.720738  -4.8670764  -32.400707  5.7904687  -23.217596  -7.526636  -39.375725  5.9538207  33.621967  16.493702  3.134203  -18.592516  -4.1146975  25.648685
0
-148.43546  -65.32209  7.9473586  -13.907335  114.5843  63.536064  61.958286  21.038813  -39.31033  32.67636  -54.591377  64.37004  33.247387  -20.374685  42.66167  -52.378754  -20.594463  21.27228  -26.791958  33.149582  -18.842392  0.2473369  -68.63826  39.985237  -12.927365  36.32148  12.030824  68.94414  23.495497  2.9124994  -2.1216764  68.41083  4.908986  9.408572  0.67746097  3.1411166  -3.6991115  0.6361122  9.440907  78.39461  8.150377  -46.11588  -35.439648  9.2886915  -0.39801392  10.44368  10.354521  -0.45289034  48.033405  6.9483747  -9.658462  9.126504  -8.2637415  -54.505913  -24.420341  -4.447011  -1.0709419  -12.430357  -0.65054303  -9.410802  10.870555  -38.74436  -1.4388571  -14.076994  8.862111  0.9504135  34.687466  39.662056  -2.792527  -24.182573  -2.714111  69.02534  -1.8883461  29.647684  -1.0889846  -24.043087  31.468012  -16.418056  27.539867  -13.266277  18.408474  15.843576  -24.750532  -1.6991403  -1.9440622  -17.982227  -8.720738  -4.8670764  -32.400707  5.7904687  -23.217596  -7.526636  -39.375725  5.9538207  33.621967  16.493702  3.134203  -18.592516  -4.1146975  25.648685
0
-148.43546  -65.32209  7.9473586  -13.907335  114.5843  63.536064  61.958286  21.038813  -39.31033  32.67636  -54.591377  64.37004  33.247387  -20.374685  42.66167  -52.378754  -20.594463  21.27228  -26.791958  33.149582  -18.842392  0.2473369  -68.63826  39.985237  -12.927365  36.32148  12.030824  68.94414  23.495497  2.9124994  -2.1216764  68.41083  4.908986  9.408572  0.67746097  3.1411166  -3.6991115  0.6361122  9.440907  78.39461  8.150377  -46.11588  -35.439648  9.2886915  -0.39801392  10.44368  10.354521  -0.45289034  48.033405  6.9483747  -9.658462  9.126504  -8.2637415  -54.505913  -24.420341  -4.447011  -1.0709419  -12.430357  -0.65054303  -9.410802  10.870555  -38.74436  -1.4388571  -14.076994  8.862111  0.9504135  34.687466  39.662056  -2.792527  -24.182573  -2.714111  69.02534  -1.8883461  29.647684  -1.0889846  -24.043087  31.468012  -16.418056  27.539867  -13.266277  18.408474  15.843576  -24.750532  -1.6991403  -1.9440622  -17.982227  -8.720738  -4.8670764  -32.400707  5.7904687  -23.217596  -7.526636  -39.375725  5.9538207  33.621967  16.493702  3.134203  -18.592516  -4.1146975  25.648685
0
-148.43546  -65.32209  7.9473586  -13.907335  114.5843  63.536064  61.958286  21.038813  -39.31033  32.67636  -54.591377  64.37004  33.247387  -20.374685  42.66167  -52.378754  -20.594463  21.27228  -26.791958  33.149582  -18.842392  0.2473369  -68.63826  39.985237  -12.927365  36.32148  12.030824  68.94414  23.495497  2.9124994  -2.1216764  68.41083  4.908986  9.408572  0.67746097  3.1411166  -3.6991115  0.6361122  9.440907  78.39461  8.150377  -46.11588  -35.439648  9.2886915  -0.39801392  10.44368  10.354521  -0.45289034  48.033405  6.9483747  -9.658462  9.126504  -8.2637415  -54.505913  -24.420341  -4.447011  -1.0709419  -12.430357  -0.65054303  -9.410802  10.870555  -38.74436  -1.4388571  -14.076994  8.862111  0.9504135  34.687466  39.662056  -2.792527  -24.182573  -2.714111  69.02534  -1.8883461  29.647684  -1.0889846  -24.043087  31.468012  -16.418056  27.539867  -13.266277  18.408474  15.843576  -24.750532  -1.6991403  -1.9440622  -17.982227  -8.720738  -4.8670764  -32.400707  5.7904687  -23.217596  -7.526636  -39.375725  5.9538207  33.621967  16.493702  3.134203  -18.592516  -4.1146975  25.648685
0
-148.43546  -65.32209  7.9473586  -13.907335  114.5843  63.536064  61.958286  21.038813  -39.31033  32.67636  -54.591377  64.37004  33.247387  -20.374685  42.66167  -52.378754  -20.594463  21.27228  -26.791958  33.149582  -18.842392  0.2473369  -68.63826  39.985237  -12.927365  36.32148  12.030824  68.94414  23.495497  2.9124994  -2.1216764  68.41083  4.908986  9.408572  0.67746097  3.1411166  -3.6991115  0.6361122  9.440907  78.39461  8.150377  -46.11588  -35.439648  9.2886915  -0.39801392  10.44368  10.354521  -0.45289034  48.033405  6.9483747  -9.658462  9.126504  -8.2637415  -54.505913  -24.420341  -4.447011  -1.0709419  -12.430357  -0.65054303  -9.410802  10.870555  -38.74436  -1.4388571  -14.076994  8.862111  0.9504135  34.687466  39.662056  -2.792527  -24.182573  -2.714111  69.02534  -1.8883461  29.647684  -1.0889846  -24.043087  31.468012  -16.418056  27.539867  -13.266277  18.408474  15.843576  -24.750532  -1.6991403  -1.9440622  -17.982227  -8.720738  -4.8670764  -32.400707  5.7904687  -23.217596  -7.526636  -39.375725  5.9538207  33.621967  16.493702  3.134203  -18.592516  -4.1146975  25.648685
0
-148.43546  -65.32209  7.9473586  -13.907335  114.5843  63.536064  61.958286  21.038813  -39.31033  32.67636  -54.591377  64.37004  33.247387  -20.374685  42.66167  -52.378754  -20.594463  21.27228  -26.791958  33.149582  -18.842392  0.2473369  -68.63826  39.985237  -12.927365  36.32148  12.030824  68.94414  23.495497  2.9124994  -2.1216764  68.41083  4.908986  9.408572  0.67746097  3.1411166  -3.6991115  0.6361122  9.440907  78.39461  8.150377  -46.11588  -35.439648  9.2886915  -0.39801392  10.44368  10.354521  -0.45289034  48.033405  6.9483747  -9.658462  9.126504  -8.2637415  -54.505913  -24.420341  -4.447011  -1.0709419  -12.430357  -0.65054303  -9.410802  10.870555  -38.74436  -1.4388571  -14.076994  8.862111  0.9504135  34.687466  39.662056  -2.792527  -24.182573  -2.714111  69.02534  -1.8883461  29.647684  -1.0889846  -24.043087  31.468012  -16.418056  27.539867  -13.266277  18.408474  15.843576  -24.750532  -1.6991403  -1.9440622  -17.982227  -8.720738  -4.8670764  -32.400707  5.7904687  -23.217596  -7.526636  -39.375725  5.9538207  33.621967  16.493702  3.134203  -18.592516  -4.1146975  25.648685
0
-148.43546  -65.32209  7.9473586  -13.907335  114.5843  63.536064  61.958286  21.038813  -39.31033  32.67636  -54.591377  64.37004  33.247387  -20.374685  42.66167  -52.378754  -20.594463  21.27228  -26.791958  33.149582  -18.842392  0.2473369  -68.63826  39.985237  -12.927365  36.32148  12.030824  68.94414  23.495497  2.9124994  -2.1216764  68.41083  4.908986  9.408572  0.67746097  3.1411166  -3.6991115  0.6361122  9.440907  78.39461  8.150377  -46.11588  -35.439648  9.2886915  -0.39801392  10.44368  10.354521  -0.45289034  48.033405  6.9483747  -9.658462  9.126504  -8.2637415  -54.505913  -24.420341  -4.447011  -1.0709419  -12.430357  -0.65054303  -9.410802  10.870555  -38.74436  -1.4388571  -14.076994  8.862111  0.9504135  34.687466  39.662056  -2.792527  -24.182573  -2.714111  69.02534  -1.8883461  29.647684  -1.0889846  -24.043087  31.468012  -16.418056  27.539867  -13.266277  18.408474  15.843576  -24.750532  -1.6991403  -1.9440622  -17.982227  -8.720738  -4.8670764  -32.400707  5.7904687  -23.217596  -7.526636  -39.375725  5.9538207  33.621967  16.493702  3.134203  -18.592516  -4.1146975  25.648685
0
-148.43546  -65.32209  7.9473586  -13.907335  114.5843  63.536064  61.958286  21.038813  -39.31033  32.67636  -54.591377  64.37004  33.247387  -20.374685  42.66167  -52.378754  -20.594463  21.27228  -26.791958  33.149582  -18.842392  0.2473369  -68.63826  39.985237  -12.927365  36.32148  12.030824  68.94414  23.495497  2.9124994  -2.1216764  68.41083  4.908986  9.408572  0.67746097  3.1411166  -3.6991115  0.6361122  9.440907  78.39461  8.150377  -46.11588  -35.439648  9.2886915  -0.39801392  10.44368  10.354521  -0.45289034  48.033405  6.9483747  -9.658462  9.126504  -8.2637415  -54.505913  -24.420341  -4.447011  -1.0709419  -12.430357  -0.65054303  -9.410802  10.870555  -38.74436  -1.4388571  -14.076994  8.862111  0.9504135  34.687466  39.662056  -2.792527  -24.182573  -2.714111  69.02534  -1.8883461  29.647684  -1.0889846  -24.043087  31.468012  -16.418056  27.539867  -13.266277  18.408474  15.843576  -24.750532  -1.6991403  -1.9440622  -17.982227  -8.720738  -4.8670764  -32.400707  5.7904687  -23.217596  -7.526636  -39.375725  5.9538207  33.621967  16.493702  3.134203  -18.592516  -4.1146975  25.648685
0
-109.28831  -48.757767  -3.0508215  -13.70835  90.46705  39.092625  51.843327  13.692977  -30.393936  23.249348  -45.07987  53.983395  15.0028515  -18.934525  22.903795  -49.013176  1.8626837  17.05297  -17.515514  22.150957  -11.468489  11.783639  -56.863873  33.154938  -14.374714  27.12114  11.850017  44.840054  18.652092  -2.4172251  -5.579572  54.65159  1.6966704  6.810626  -3.5539021  -1.916213  -2.0462735  -6.5980754  4.0167546  63.22652  0.028208628  -43.451233  -37.591545  9.324388  -2.7696898  10.977345  9.538546  2.4616694  36.236324  5.0373216  -6.4855404  6.932837  -3.07121  -39.636524  -18.602255  1.1263366  1.6045978  -12.363957  -2.263124  -6.988675  11.618871  -24.100145  -4.186345  -6.6114616  5.658002  4.9087853  33.61617  32.496986  6.5444484  -13.7306595  -6.0435266  41.514896  -2.9702399  15.968213  6.298177  -15.921037  28.105825  -3.9745722  23.811264  -9.503027  16.88579  18.369373  -12.483938  -1.5151094  -5.3248453  -15.217934  -6.2973485  -2.064993  -24.357344  2.3996377  -10.7374525  -1.8402665  -27.461264  2.8429928  23.223057  14.897154  5.846315  -13.275149  -1.9450232  11.461299
0
-148.43546  -65.32209  7.9473586  -13.907335  114.5843  63.536064  61.958286  21.038813  -39.31033  32.67636  -54.591377  64.37004  33.247387  -20.374685  42.66167  -52.378754  -20.594463  21.27228  -26.791958  33.149582  -18.842392  0.2473369  -68.63826  39.985237  -12.927365  36.32148  12.030824  68.94414  23.495497  2.9124994  -2.1216764  68.41083  4.908986  9.408572  0.67746097  3.1411166  -3.6991115  0.6361122  9.440907  78.39461  8.150377  -46.11588  -35.439648  9.2886915  -0.39801392  10.44368  10.354521  -0.45289034  48.033405  6.9483747  -9.658462  9.126504  -8.2637415  -54.505913  -24.420341  -4.447011  -1.0709419  -12.430357  -0.65054303  -9.410802  10.870555  -38.74436  -1.4388571  -14.076994  8.862111  0.9504135  34.687466  39.662056  -2.792527  -24.182573  -2.714111  69.02534  -1.8883461  29.647684  -1.0889846  -24.043087  31.468012  -16.418056  27.539867  -13.266277  18.408474  15.843576  -24.750532  -1.6991403  -1.9440622  -17.982227  -8.720738  -4.8670764  -32.400707  5.7904687  -23.217596  -7.526636  -39.375725  5.9538207  33.621967  16.493702  3.134203  -18.592516  -4.1146975  25.648685
0
-109.28831  -48.757767  -3.0508215  -13.70835  90.46705  39.092625  51.843327  13.692977  -30.393936  23.249348  -45.07987  53.983395  15.0028515  -18.934525  22.903795  -49.013176  1.8626837  17.05297  -17.515514  22.150957  -11.468489  11.783639  -56.863873  33.154938  -14.374714  27.12114  11.850017  44.840054  18.652092  -2.4172251  -5.579572  54.65159  1.6966704  6.810626  -3.5539021  -1.916213  -2.0462735  -6.5980754  4.0167546  63.22652  0.028208628  -43.451233  -37.591545  9.324388  -2.7696898  10.977345  9.538546  2.4616694  36.236324  5.0373216  -6.4855404  6.932837  -3.07121  -39.636524  -18.602255  1.1263366  1.6045978  -12.363957  -2.263124  -6.988675  11.618871  -24.100145  -4.186345  -6.6114616  5.658002  4.9087853  33.61617  32.496986  6.5444484  -13.7306595  -6.0435266  41.514896  -2.9702399  15.968213  6.298177  -15.921037  28.105825  -3.9745722  23.811264  -9.503027  16.88579  18.369373  -12.483938  -1.5151094  -5.3248453  -15.217934  -6.2973485  -2.064993  -24.357344  2.3996377  -10.7374525  -1.8402665  -27.461264  2.8429928  23.223057  14.897154  5.846315  -13.275149  -1.9450232  11.461299
0
-109.28831  -48.757767  -3.0508215  -13.70835  90.46705  39.092625  51.843327  13.692977  -30.393936  23.249348  -45.07987  53.983395  15.0028515  -18.934525  22.903795  -49.013176  1.8626837  17.05297  -17.515514  22.150957  -11.468489  11.783639  -56.863873  33.154938  -14.374714  27.12114  11.850017  44.840054  18.652092  -2.4172251  -5.579572  54.65159  1.6966704  6.810626  -3.5539021  -1.916213  -2.0462735  -6.5980754  4.0167546  63.22652  0.028208628  -43.451233  -37.591545  9.324388  -2.7696898  10.977345  9.538546  2.4616694  36.236324  5.0373216  -6.4855404  6.932837  -3.07121  -39.636524  -18.602255  1.1263366  1.6045978  -12.363957  -2.263124  -6.988675  11.618871  -24.100145  -4.186345  -6.6114616  5.658002  4.9087853  33.61617  32.496986  6.5444484  -13.7306595  -6.0435266  41.514896  -2.9702399  15.968213  6.298177  -15.921037  28.105825  -3.9745722  23.811264  -9.503027  16.88579  18.369373  -12.483938  -1.5151094  -5.3248453  -15.217934  -6.2973485  -2.064993  -24.357344  2.3996377  -10.7374525  -1.8402665  -27.461264  2.8429928  23.223057  14.897154  5.846315  -13.275149  -1.9450232  11.461299
0
-109.28831  -48.757767  -3.0508215  -13.70835  90.46705  39.092625  51.843327  13.692977  -30.393936  23.249348  -45.07987  53.983395  15.0028515  -18.934525  22.903795  -49.013176  1.8626837  17.05297  -17.515514  22.150957  -11.468489  11.783639  -56.863873  33.154938  -14.374714  27.12114  11.850017  44.840054  18.652092  -2.4172251  -5.579572  54.65159  1.6966704  6.810626  -3.5539021  -1.916213  -2.0462735  -6.5980754  4.0167546  63.22652  0.028208628  -43.451233  -37.591545  9.324388  -2.7696898  10.977345  9.538546  2.4616694  36.236324  5.0373216  -6.4855404  6.932837  -3.07121  -39.636524  -18.602255  1.1263366  1.6045978  -12.363957  -2.263124  -6.988675  11.618871  -24.100145  -4.186345  -6.6114616  5.658002  4.9087853  33.61617  32.496986  6.5444484  -13.7306595  -6.0435266  41.514896  -2.9702399  15.968213  6.298177  -15.921037  28.105825  -3.9745722  23.811264  -9.503027  16.88579  18.369373  -12.483938  -1.5151094  -5.3248453  -15.217934  -6.2973485  -2.064993  -24.357344  2.3996377  -10.7374525  -1.8402665  -27.461264  2.8429928  23.223057  14.897154  5.846315  -13.275149  -1.9450232  11.461299
0
-109.28831  -48.757767  -3.0508215  -13.70835  90.46705  39.092625  51.843327  13.692977  -30.393936  23.249348  -45.07987  53.983395  15.0028515  -18.934525  22.903795  -49.013176  1.8626837  17.05297  -17.515514  22.150957  -11.468489  11.783639  -56.863873  33.154938  -14.374714  27.12114  11.850017  44.840054  18.652092  -2.4172251  -5.579572  54.65159  1.6966704  6.810626  -3.5539021  -1.916213  -2.0462735  -6.5980754  4.0167546  63.22652  0.028208628  -43.451233  -37.591545  9.324388  -2.7696898  10.977345  9.538546  2.4616694  36.236324  5.0373216  -6.4855404  6.932837  -3.07121  -39.636524  -18.602255  1.1263366  1.6045978  -12.363957  -2.263124  -6.988675  11.618871  -24.100145  -4.186345  -6.6114616  5.658002  4.9087853  33.61617  32.496986  6.5444484  -13.7306595  -6.0435266  41.514896  -2.9702399  15.968213  6.298177  -15.921037  28.105825  -3.9745722  23.811264  -9.503027  16.88579  18.369373  -12.483938  -1.5151094  -5.3248453  -15.217934  -6.2973485  -2.064993  -24.357344  2.3996377  -10.7374525  -1.8402665  -27.461264  2.8429928  23.223057  14.897154  5.846315  -13.275149  -1.9450232  11.461299
0
-109.28831  -48.757767  -3.0508215  -13.70835  90.46705  39.092625  51.843327  13.692977  -30.393936  23.249348  -45.07987  53.983395  15.0028515  -18.934525  22.903795  -49.013176  1.8626837  17.05297  -17.515514  22.150957  -11.468489  11.783639  -56.863873  33.154938  -14.374714  27.12114  11.850017  44.840054  18.652092  -2.4172251  -5.579572  54.65159  1.6966704  6.810626  -3.5539021  -1.916213  -2.0462735  -6.5980754  4.0167546  63.22652  0.028208628  -43.451233  -37.591545  9.324388  -2.7696898  10.977345  9.538546  2.4616694  36.236324  5.0373216  -6.4855404  6.932837  -3.07121  -39.636524  -18.602255  1.1263366  1.6045978  -12.363957  -2.263124  -6.988675  11.618871  -24.100145  -4.186345  -6.6114616  5.658002  4.9087853  33.61617  32.496986  6.5444484  -13.7306595  -6.0435266  41.514896  -2.9702399  15.968213  6.298177  -15.921037  28.105825  -3.9745722  23.811264  -9.503027  16.88579  18.369373  -12.483938  -1.5151094  -5.3248453  -15.217934  -6.2973485  -2.064993  -24.357344  2.3996377  -10.7374525  -1.8402665  -27.461264  2.8429928  23.223057  14.897154  5.846315  -13.275149  -1.9450232  11.461299
100 12 1
0
0
-5.711417  -7.595612  -3.513347  2.7941508  6.199536  2.8744519  6.4766116  1.5434206  -2.3279743  3.6039295  -0.7928922  5.2604127  -3.0087652  -0.31751534  -1.7562532  -8.596021  6.4779634  1.3202384  -0.20948058  -2.2356942  -0.46916986  6.0566335  -5.7975016  1.1097778  -1.0590589  7.699048  -0.12347834  2.4716115  8.134813  -0.73375577  -4.7698483  5.408365  -4.0455923  -0.20029172  -3.9893038  -7.32001  0.7604909  -3.006574  0.02054571  4.5749  -1.4598106  -6.9570026  -6.5851736  -0.81280595  -2.8055558  6.738638  -0.55188316  2.905418  7.405667  2.363862  -0.8028852  -1.5326364  2.2431493  -2.9390433  -1.871069  3.8378496  4.444099  -0.4040695  2.2068512  -2.1987453  3.7035306  2.424583  -0.5423449  -0.98309577  -1.7137675  3.853891  5.113443  3.3112385  3.4779317  3.1297743  -3.651446  -1.5896856  -2.690645  -0.16018024  -0.37570804  -2.8669865  0.9107718  5.498952  3.3658524  1.5922934  0.3585252  6.2590084  4.556506  -4.1362615  -6.825512  1.2566445  -0.30985188  -0.009035503  -3.5272684  0.99496543  -1.1235281  3.2332642  -1.611308  -3.7046158  0.055708226  -0.8714577  1.2227993  -0.18954016  -0.9078388  0.17127942
0
0.75158167  -2.888782  0.7574609  4.121963  0.9492792  2.5743167  0.9020504  1.7255296  -0.55444455  2.448507  2.2688665  1.6205503  0.43410808  0.7928201  -0.1667557  -1.451138  0.754719  0.5585156  0.8973356  -1.8067315  -0.26874882  1.6602192  -0.43834734  -1.6869346  1.3533111  4.947758  -1.4904664  0.8112119  5.43467  0.55386376  -2.3056972  -0.15401584  -2.6770759  -0.37487137  -2.2364576  -4.8723173  0.7697739  -0.5673614  0.6928222  -1.1450164  0.7573556  -1.218242  -0.15578443  -1.9029535  -2.1503806  5.2915325  -1.3010179  0.85595065  4.1242  1.3676265  0.4302478  -2.7906997  2.0384884  -0.48679534  -0.0054019326  2.7984147  3.3081183  0.9080313  1.8470086  -1.2325801  1.1064292  1.8326144  0.49507296  -1.1497099  -1.2452692  1.5464077  0.3090941  0.45080665  -0.2503197  2.1222014  -1.250702  -0.5449315  -1.6346273  0.7857439  -2.9873295  -2.2364886  -2.6065233  4.083124  -0.6741239  2.2721612  -1.453402  2.1854227  2.9104285  -3.192601  -4.25366  2.8474135  -0.42059705  -0.30370727  -1.2877191  1.57592  -2.5634973  1.9386429  -0.039116662  -2.3301618  -0.916915  -2.1334186  -0.35659978  0.7639821  -0.94449633  1.731542
0
0.018232211  0.32421464  2.0600533  3.6376143  8.130955  -0.86295533  1.2942247  0.36083192  -3.8396754  -0.56440496  -2.1494153  7.67627  2.8629344  -1.3448145  -0.5661405  -3.148669  -0.5609944  1.0815952  1.3495711  0.42291266  -1.5418546  3.6571286  -0.8487258  0.87265545  4.405198  1.688457  0.16255029  -3.1591575  -1.1412863  -0.43290836  0.3056058  -1.4219594  0.38152888  1.0339564  0.050326444  -3.1977916  -1.3595512  0.9240917  -0.66216844  -1.7329037  -0.28551003  -0.375878  -2.6128137  -1.1976857  -1.7166458  7.017035  3.7592163  -3.683773  2.4899328  -1.0661087  1.3598492  0.52582574  5.294779  -0.4690016  0.25335416  4.7026215  -2.6284776  -0.17110883  -0.15530261  -1.4239606  -0.8881169  1.2276881  -2.7657738  1.6381757  2.2510316  -0.2471365  -1.3305042  1.2162038  -2.5503585  1.1034373  2.8309596  1.4696816  1.6559265  -2.3374174  -1.1562858  -2.7498953  3.4336314  7.3096886  -1.2686714  2.5259497  -0.13398553  -0.39983547  1.009309  -0.1357506  -1.0075626  1.3707937  0.099458076  0.19333652  -0.37913993  3.8175752  -1.601848  4.704777  -2.3410122  0.5060603  1.0333407  0.4619577  0.38621357  -0.3708768  -1.7553083  -0.6238423
0
-5.4704723  -3.109869  -2.4729674  1.3382299  12.856089  -0.7670206  6.892561  1.5017048  -4.308289  1.1983358  -4.8517437  10.526235  -0.5426392  -3.2844105  -1.9681715  -8.81302  4.9310656  1.9516026  2.3728712  -0.18946987  -0.8598298  6.832879  -5.1958165  3.6756496  0.4920098  4.1638565  2.2085397  -1.4373341  1.827992  -1.2671013  -1.6641792  3.191261  -1.1189675  0.65167576  -1.24738  -4.2735834  -0.56961346  -1.0567961  -1.8003403  3.9429526  -2.0182142  -6.555672  -8.90734  0.7611761  -2.495528  8.38343  4.04896  -1.1943018  6.27189  0.058778893  0.6208406  0.98002726  5.3975396  -2.8310118  -1.8076682  5.253833  -0.73964685  -1.2396386  -0.44304997  -2.113288  1.1469024  0.6286098  -3.5346594  1.7694434  1.436077  1.9766908  2.761313  3.095349  0.90781736  2.1721587  0.33220878  0.6724999  0.13594984  -1.836384  1.1603487  -1.8932945  6.712116  8.216712  1.7403287  1.9200134  1.1963307  2.867668  2.001337  -0.24924554  -2.7877057  -0.14601803  0.35395342  0.8727191  -1.8509308  2.0204048  -0.5395981  4.261095  -3.5628817  -0.33295834  1.7692285  2.439768  2.7851481  -0.7539949  -2.5424473  -1.8774977
0
-3.318559  -0.4878678  2.4062698  1.9439034  12.272424  1.9746329  3.20647  5.0556607  -3.2194703  3.2438667  -3.4757552  9.889922  3.4728935  -4.380632  -2.0312355  -2.5037725  3.8456104  3.901438  2.7150974  5.4623413  1.8723463  5.699442  -1.3099014  2.4473479  -0.41259706  2.6307359  0.8978592  -1.9413912  1.4732252  -0.6932379  0.82231015  2.1659253  -0.12777415  0.27078694  -1.1738554  -2.2908316  -0.5534953  -0.6834555  -0.1600423  0.5635938  1.225328  -2.1001132  -2.532496  0.6270013  -2.4724329  7.262518  2.902341  -4.957511  0.42038226  -1.3634772  0.039078802  -6.983035  5.4577336  1.054187  4.5745196  5.3664155  -0.82576996  -2.8394911  -0.2331717  -0.51062554  2.7367554  0.7016087  -0.594269  1.86728  0.769144  0.9915172  3.2197351  0.48867944  1.7486794  -0.29196352  -0.21665037  0.12869455  1.9573493  -0.47704327  1.1810491  -1.7891469  0.28641856  8.376782  -2.7639616  1.1856164  1.161385  0.7685798  -0.17730029  -1.0757518  0.059888855  -0.36073983  0.7949707  0.62411666  -0.79172623  -0.9754409  -0.13978046  4.026048  0.44732618  -2.531885  -0.42313394  0.65822226  1.0696024  0.06290549  -0.06240642  -1.4482279
0
-16.056252  -17.628668  -13.809584  -5.4744706  13.90209  -17.148382  3.766017  -23.336155  -18.836233  19.32514  0.46092862  13.211603  4.2714124  -7.521299  -10.397114  1.1011852  -20.030842  9.883461  -8.2237215  -4.7332273  -15.104479  -12.775133  -8.569571  17.59518  -9.148939  23.803278  18.313028  -20.44487  9.653847  10.415811  -11.6823225  21.495193  18.07173  6.2329288  -5.63003  9.2308035  3.669769  9.5706625  -8.316467  -9.341326  -8.031664  14.492919  -12.151711  0.9125351  -2.938445  8.238176  4.375748  -2.5608559  9.33838  1.1217703  2.7561405  -5.618892  5.946776  -12.359077  -4.1897244  7.795289  3.5093305  -15.10563  3.3696582  -10.612617  3.8678703  3.372048  -3.6287086  2.3924115  -2.6202848  -17.850512  -13.37003  7.887829  -8.475338  -0.8160596  -4.619025  -0.7111029  -5.988404  3.7874694  4.606295  -0.20571905  10.595044  13.399593  -4.166204  0.21614145  2.9827137  4.7676573  -1.5586644  8.135546  -13.613605  1.9849569  6.6823516  5.02947  -2.512105  -2.2572258  -7.67479  5.0024333  5.170584  -13.586234  0.07851871  -12.145718  -24.574614  -4.65846  -8.513599  -9.110387
0
-3.2661574  0.16337316  1.9095722  2.428623  11.953086  1.8493394  3.411078  5.437889  -3.3112175  2.0277443  -4.0074787  10.713686  3.5371008  -3.820983  -2.42743  -1.7262111  3.7497954  3.6849542  2.640278  4.91645  1.7859861  5.4056334  -1.1983393  3.2168162  -0.7305045  2.8139775  0.7888487  -2.426119  1.6049428  -1.0912313  1.1674916  1.7769885  -0.6595337  -0.135283  -0.8540091  -2.6494648  -0.79989916  -0.016410198  -0.07313825  1.213526  1.1457967  -2.3253503  -2.3854373  0.10606203  -2.3037364  7.0938163  3.4553578  -5.0395007  0.5593392  -1.9950407  0.5435179  -7.1653457  5.4907537  1.3005462  4.6026077  4.908608  -1.74948  -3.0732336  0.559466  -0.086940326  2.0943015  0.4063793  -0.67995363  1.7928646  0.9928778  1.190631  3.8444686  0.7527292  1.4026073  -0.13086061  -0.010748151  -0.07358205  2.3021848  -0.07460868  1.7109314  -1.5140707  0.90142065  7.973781  -2.8264387  1.2608618  1.5114955  0.49912873  0.19386835  -1.173289  0.12690665  -0.5773704  -0.13282557  0.24754639  -0.5740333  -0.53617114  -0.52012086  4.499231  0.36837164  -2.478234  -0.051788002  0.4707608  1.2987841  0.4178227  0.39370024  -1.8639215
0
-40.87526  -19.986153  -20.926609  -12.573045  47.295708  -2.2444415  33.29033  1.2013274  -14.589948  7.038512  -27.511541  34.78733  -15.463058  -15.678461  -10.311302  -41.65043  38.492184  9.445244  -1.6663489  3.1301174  0.9981867  30.214275  -35.33765  20.536648  -16.081598  11.315206  10.975921  3.7625859  10.337088  -10.966212  -11.171457  30.01437  -3.8142323  2.2616441  -10.446504  -10.408615  0.765676  -18.146431  -4.9679713  35.83727  -13.2151985  -37.393257  -39.61274  8.882341  -6.6150494  11.653219  7.7208624  7.2297883  15.769026  1.8292273  -1.0981991  2.9765  5.593979  -13.782075  -8.38493  10.284305  6.0929084  -11.673021  -4.63356  -2.8465214  12.474616  0.92553973  -8.46016  5.7434072  0.09990922  11.294891  30.521059  19.485905  21.544935  4.038787  -11.346428  -5.155125  -4.7175636  -6.9716654  17.946552  -2.142628  21.354174  16.641582  16.821962  -2.8669229  13.616411  21.908697  8.238061  -1.3688433  -10.913482  -9.942713  -2.0687501  2.5652716  -10.337771  -3.163023  9.950293  7.629451  -6.9262037  -2.5457275  5.257674  11.5362835  10.021244  -4.0352793  1.6114541  -12.070341
0
-42.19324  -20.411861  -21.564754  -13.170415  48.875805  -2.4565797  34.287956  1.1892335  -15.056478  7.1580286  -28.541378  35.920315  -15.912405  -16.281385  -10.631344  -42.874546  39.698414  9.762872  -1.7069467  3.3502095  1.0648807  31.123497  -36.446144  21.277927  -16.649734  11.420597  11.400597  3.7891357  10.388191  -11.360672  -11.393367  30.921314  -3.7832565  2.3557303  -10.68062  -10.497653  0.76743376  -18.723415  -5.1562295  37.00904  -13.654858  -38.533924  -40.844868  9.259459  -6.759722  11.827818  8.0421095  7.3756747  16.05433  1.7948267  -1.0867941  3.1423821  5.726104  -14.184296  -8.618075  10.533154  6.1434126  -12.106435  -4.915035  -2.8600035  12.788427  0.8573085  -8.763414  6.01094  0.17673928  11.5602665  31.474323  20.094261  22.218157  4.0591006  -11.621015  -5.28406  -4.7886786  -7.235865  18.643854  -2.1043673  22.12431  17.070112  17.302399  -3.0382187  14.123928  22.479712  8.36134  -1.2435286  -11.039355  -10.369057  -2.145475  2.6709092  -10.580858  -3.3212068  10.371979  7.7888055  -7.112358  -2.476792  5.4520044  12.0181  10.35348  -4.1747565  1.7148284  -12.53928
0
-42.207848  -20.319601  -21.5221  -13.188219  48.979115  -2.4942803  34.29173  1.1926625  -15.082434  7.1099925  -28.587992  35.996605  -15.886896  -16.308914  -10.64361  -42.846474  39.709236  9.7712145  -1.6931771  3.398781  1.0800349  31.111473  -36.44386  21.319134  -16.637712  11.319829  11.445703  3.7142184  10.309329  -11.39755  -11.346461  30.879265  -3.7339485  2.3795626  -10.652295  -10.437035  0.7522545  -18.70391  -5.175248  37.027077  -13.645719  -38.517967  -40.867035  9.273724  -6.761431  11.810834  8.108682  7.328115  16.007969  1.7499442  -1.0677882  3.1907125  5.7776933  -14.184989  -8.576795  10.542069  6.0631204  -12.144679  -4.9596367  -2.8297992  12.73024  0.81944525  -8.80932  6.0682306  0.22001953  11.537719  31.459345  20.095695  22.199821  4.0211215  -11.567072  -5.261341  -4.746628  -7.2848134  18.660727  -2.0832627  22.194204  17.088993  17.285294  -3.0515218  14.151914  22.42496  8.325389  -1.1831248  -10.996551  -10.398966  -2.1444473  2.6745791  -10.554036  -3.3070116  10.397392  7.816707  -7.132004  -2.402646  5.458267  12.051336  10.355819  -4.160136  1.722552  -12.567674
0
-41.181854  -19.729181  -21.064156  -12.735044  47.920017  -2.7412436  33.172512  1.129718  -14.531391  6.9025936  -27.827213  35.244007  -15.418846  -15.980429  -10.272139  -42.25468  38.40176  9.524309  -1.6475956  3.1093762  0.5124387  30.463432  -35.487476  20.534435  -15.771655  11.314041  11.161723  3.5174124  9.739071  -10.971817  -11.173344  30.096386  -3.3702164  2.328521  -10.040534  -10.259065  0.65447474  -18.121826  -5.02034  35.963917  -13.443951  -37.389935  -39.810337  9.138322  -6.45685  12.032808  8.005856  6.8762307  15.581403  1.6313685  -0.9446012  3.0495138  5.643669  -13.705235  -8.607909  10.496417  5.7590995  -11.774363  -4.764529  -3.0852406  12.297881  0.82868457  -8.772023  6.0439143  0.37985098  11.009813  30.38258  19.428991  21.3258  4.101962  -10.790056  -4.7975793  -4.4471827  -7.0889406  18.242579  -2.1490932  21.88205  16.958761  16.768452  -2.7791994  13.655907  21.641535  8.152797  -0.9545339  -10.648667  -9.8309765  -2.0337033  2.5072768  -10.285502  -3.0506897  9.813206  7.700481  -7.08787  -2.4186752  5.5330534  11.758567  10.206372  -4.324858  1.301681  -12.520702
0
-40.02446  -19.45805  -20.237352  -12.4314375  46.863575  -2.2050793  32.62858  1.3702929  -14.48709  6.9506207  -27.201155  34.41382  -14.884069  -15.712275  -10.0079565  -40.916153  37.766575  9.3718405  -1.4328005  3.3779047  1.1301697  29.815453  -34.627373  20.137396  -15.820748  10.930053  10.872297  3.6714582  9.766788  -10.772585  -10.582815  29.399822  -3.4927895  2.2241383  -10.161315  -9.856278  0.65174437  -17.769297  -5.0291586  35.097153  -12.878589  -36.556595  -38.791374  8.869259  -6.5179024  11.439561  7.7150645  6.8299394  15.21504  1.6102344  -0.9495746  2.7793767  5.6805615  -13.490893  -7.945325  10.190175  5.790069  -11.621797  -4.731966  -2.6810308  12.185045  0.86556375  -8.394823  5.93785  0.08170836  10.964155  29.829645  19.078548  21.183302  3.773105  -10.967841  -4.970018  -4.3701315  -6.7982206  17.66896  -1.9999158  20.95549  16.545788  16.346756  -2.9186652  13.384213  21.27579  7.8969026  -1.1900777  -10.364551  -9.8941555  -1.8437083  2.5094461  -10.057962  -3.300627  9.852352  7.3406963  -6.7234707  -2.4325514  5.1291046  11.498317  9.806136  -3.9214425  1.5797634  -11.875951
100 4 1
1
0
-2.894128  -3.4465754  0.2607764  -0.10415551  3.9818478  -4.0735817  1.0333201  -3.422733  -0.6408138  3.6799634  -0.7984094  2.1899943  1.6489344  -3.5040367  -2.7549014  -2.1348789  -0.55156296  1.3228767  -1.8619945  -3.1545653  -1.0024898  -1.1077328  -0.3630578  2.1375957  -1.6652455  2.9910462  2.935347  -4.1154485  2.1852777  1.291037  -1.2442352  2.826011  3.6694474  2.5686805  -0.98513997  1.2080541  1.1406374  1.2376981  -0.47624347  0.34273988  -0.01731395  1.9118842  -1.899054  -1.7497716  -0.9803194  3.5120254  1.5438086  -1.717025  1.8744446  0.7799243  0.505551  -1.1578488  1.7222497  -0.84345293  0.37178978  1.75529  0.81753486  -2.166775  0.8225118  -1.1868092  2.150703  1.32968  -0.5931934  1.8405304  -0.3944658  -1.2267087  -0.19431664  0.47401947  0.19393979  -0.3151022  -0.34841216  -0.002834553  -0.42669803  0.100920714  0.11976981  0.064636305  0.82420963  3.0561929  -0.39708173  -0.20516458  0.21192876  -0.56796616  0.53502274  -0.06855587  -0.37585735  -0.5567933  2.0782948  0.96583563  -0.45178163  -0.40106893  -1.6869498  -0.37875164  0.5136398  -0.98350257  1.2797965  0.9525587  -1.4509612  0.4380686  -0.9671688  0.39870274
0
2.3140798  -16.483513  2.2501004  4.152708  6.9033732  -18.149965  -6.8038173  6.740353  6.4359717  -4.3715773  21.08792  16.35823  1.5357548  1.5626329  6.3827496  -9.909175  11.707403  1.4557892  -8.337157  11.860787  -2.358104  -11.426962  -9.735669  -10.447481  -14.443534  -1.4679549  2.4838393  -8.577536  4.4064064  0.7943486  -6.3772  -2.394603  -6.006157  1.8904359  -7.0086603  7.2709513  -6.6571317  2.9811563  1.5529219  3.1989317  9.178986  -4.968716  0.17823558  1.8888735  -4.232686  11.084264  9.780622  -3.1976848  6.459112  -3.7590804  1.7647687  -4.836787  -0.1951713  -7.9316907  1.1724361  6.633025  -3.1278515  -2.9932399  7.8455005  -8.692459  1.9732171  5.9499207  -3.3225238  -2.773875  -4.8201647  7.318715  -4.289398  5.628879  2.4028761  -8.318553  -11.063508  15.866435  1.0226858  1.6385943  7.4244366  -7.788598  10.360258  3.2117698  3.2252762  -1.4464004  4.1961412  11.105675  -3.662981  -7.276268  -11.030163  10.577377  -3.9782183  -1.3316394  -6.478562  6.000085  -2.2501674  7.686239  -6.349338  -1.7112631  12.623501  2.6604245  -8.840608  -4.914448  6.9457483  -11.949655
0
0.817975  2.3900142  -0.8506164  3.1800094  9.574933  8.244283  2.4084454  -0.6665649  -1.0052687  4.9913344  0.12533256  3.3976603  6.9272814  -1.9482964  -4.0521817  -1.7931415  -2.5102491  4.3193865  3.7508976  -5.0212984  2.5219781  2.5276527  -2.6933355  4.275515  -1.4914471  7.228063  6.6444955  3.1621435  0.24172756  -0.39907324  1.7214885  -4.9620876  1.1200913  -3.7183926  -1.3658016  -0.29354045  -1.4864885  -0.2570735  -7.2161684  -1.2529685  1.076499  -0.057009738  -0.4048918  0.32696235  -2.2007558  -3.2758584  1.9042095  -7.661246  -1.4852452  -3.260893  1.1988227  1.1389897  -1.0552614  1.9078223  3.001712  4.945176  -8.919362  4.3417697  -1.5712376  -4.137854  5.133843  1.3612541  -3.5413623  6.993237  -3.3469543  -0.5493681  0.92674273  -1.5366769  -1.4368703  -1.0249403  -0.440302  3.3061552  -1.2919375  -5.4146256  -2.2984169  0.40047392  4.176893  0.9543683  -0.52108186  -2.9022243  0.7847977  -4.325412  -0.20063414  -1.1573842  -2.1088018  4.919551  1.7026924  2.571366  -1.3569789  5.9752216  3.4930916  4.4297915  0.9888839  2.783269  2.481327  -2.7877808  0.44898474  0.006652318  -0.35561666  -4.1349583
0
-19.863113  -27.52716  5.8774657  5.154797  7.4032016  -11.17812  -13.552364  8.458193  -1.6149966  19.98913  -19.631496  4.861915  -12.959841  -2.0194752  -21.487633  3.1511476  -0.5657157  5.347802  1.512715  -9.604467  -13.464195  1.974937  -4.9832306  -1.0885746  -14.2131405  9.816151  17.709795  -16.825623  15.295215  3.9513998  -0.287579  5.825626  10.410789  26.62235  -11.576745  8.162745  10.656639  4.1824365  11.175915  6.261478  -0.99757314  10.716584  -6.237752  3.4869583  -0.8342542  1.6360334  6.2138367  -2.0534549  7.839198  6.8123717  2.561935  4.1498895  2.4987543  -13.513236  0.7027946  8.258687  -1.0686759  -5.67976  0.47230935  -5.002751  10.799755  3.9671662  -8.439457  3.4747674  -5.972288  -22.843264  -3.10062  3.1821873  -9.701841  0.25522396  0.3157312  -4.7800355  -7.878485  1.3380297  6.608702  -1.3446243  5.6325016  6.650031  0.5732233  -0.97134084  18.97865  -2.3039758  -11.474624  2.1356459  -12.280911  -11.564311  6.984446  8.280349  -4.546456  -8.460552  1.7708396  -1.4180686  0.111793995  4.2568645  2.4862204  4.8544617  -19.872507  -12.592264  -3.9680738  2.2406232
100 21 6
1  2  3  4  5  6
0
-42.222305  -20.8691  -21.096792  -12.835269  48.686806  -2.1893978  33.984657  1.8160118  -15.047042  7.068069  -28.075148  35.671547  -15.863958  -16.264307  -10.875551  -42.296806  39.14113  9.594266  -1.7273864  3.2401266  1.2381437  30.691257  -36.465786  21.091738  -16.546274  11.36155  11.282766  4.029556  10.45997  -11.2379  -11.033401  31.127201  -3.89308  2.3931592  -10.644587  -10.597788  0.58207023  -18.6969  -5.012674  36.535465  -13.454385  -37.9204  -40.81652  8.814161  -6.598183  12.107183  7.825364  7.347858  16.075153  1.7044282  -0.80888677  3.0621505  5.6778345  -14.133438  -8.744719  10.52366  5.990567  -11.945696  -4.7423673  -2.9437306  12.772424  1.0625321  -8.69314  5.8722124  0.17393473  11.681365  31.041964  19.741589  22.004848  3.6641471  -11.604084  -5.212598  -4.8446856  -7.0539427  18.397253  -2.039754  22.118673  17.124535  17.264479  -2.891391  14.1624565  22.245577  8.18737  -1.2868814  -11.228108  -10.311199  -2.1451476  2.759926  -10.414132  -3.3531544  10.411676  7.7773128  -7.1371083  -2.5797925  5.679067  11.889801  10.08915  -4.2317505  1.7161449  -12.570237
0
-36.8889  -24.968452  -12.248003  -5.8897758  39.382782  2.2032506  25.718775  10.016535  -12.902746  5.380692  -17.551514  27.527948  -13.286955  -13.429641  -12.663398  -29.481686  26.669424  6.0260043  -1.8171768  0.85531896  3.201544  21.132235  -31.917654  15.459086  -12.739373  10.137246  7.910723  7.039973  11.171644  -7.932534  -5.3922477  29.873653  -5.4550114  2.472026  -9.161642  -11.513716  -1.835285  -15.851929  -2.3306649  25.301315  -8.943065  -25.001688  -35.10875  1.3911498  -3.871259  14.982332  3.6155996  6.354069  15.109541  0.678317  2.7544858  1.3003157  4.477799  -11.72934  -9.380784  9.321897  3.7847269  -7.9779654  -1.2779571  -3.973765  11.204515  4.026109  -6.4654713  2.9094386  -0.19545494  12.1057005  21.290478  12.520651  16.314554  -1.5582691  -10.194124  -3.7248719  -5.264602  -3.5440867  12.16978  -1.3655818  18.708141  15.975064  14.689616  -0.24034996  12.4640875  16.727448  5.391556  -2.3934946  -13.136447  -7.711562  -1.808415  3.459383  -7.1933045  -3.083013  9.10044  6.937362  -6.6521926  -4.2175217  7.7887855  8.134036  5.213149  -4.3682737  1.2853054  -10.940626
0
-36.8889  -24.968452  -12.248003  -5.8897758  39.382782  2.2032506  25.718775  10.016535  -12.902746  5.380692  -17.551514  27.527948  -13.286955  -13.429641  -12.663398  -29.481686  26.669424  6.0260043  -1.8171768  0.85531896  3.201544  21.132235  -31.917654  15.459086  -12.739373  10.137246  7.910723  7.039973  11.171644  -7.932534  -5.3922477  29.873653  -5.4550114  2.472026  -9.161642  -11.513716  -1.835285  -15.851929  -2.3306649  25.301315  -8.943065  -25.001688  -35.10875  1.3911498  -3.871259  14.982332  3.6155996  6.354069  15.109541  0.678317  2.7544858  1.3003157  4.477799  -11.72934  -9.380784  9.321897  3.7847269  -7.9779654  -1.2779571  -3.973765  11.204515  4.026109  -6.4654713  2.9094386  -0.19545494  12.1057005  21.290478  12.520651  16.314554  -1.5582691  -10.194124  -3.7248719  -5.264602  -3.5440867  12.16978  -1.3655818  18.708141  15.975064  14.689616  -0.24034996  12.4640875  16.727448  5.391556  -2.3934946  -13.136447  -7.711562  -1.808415  3.459383  -7.1933045  -3.083013  9.10044  6.937362  -6.6521926  -4.2175217  7.7887855  8.134036  5.213149  -4.3682737  1.2853054  -10.940626
0
-42.222305  -20.8691  -21.096792  -12.835269  48.686806  -2.1893978  33.984657  1.8160118  -15.047042  7.068069  -28.075148  35.671547  -15.863958  -16.264307  -10.875551  -42.296806  39.14113  9.594266  -1.7273864  3.2401266  1.2381437  30.691257  -36.465786  21.091738  -16.546274  11.36155  11.282766  4.029556  10.45997  -11.2379  -11.033401  31.127201  -3.89308  2.3931592  -10.644587  -10.597788  0.58207023  -18.6969  -5.012674  36.535465  -13.454385  -37.9204  -40.81652  8.814161  -6.598183  12.107183  7.825364  7.347858  16.075153  1.7044282  -0.80888677  3.0621505  5.6778345  -14.133438  -8.744719  10.52366  5.990567  -11.945696  -4.7423673  -2.9437306  12.772424  1.0625321  -8.69314  5.8722124  0.17393473  11.681365  31.041964  19.741589  22.004848  3.6641471  -11.604084  -5.212598  -4.8446856  -7.0539427  18.397253  -2.039754  22.118673  17.124535  17.264479  -2.891391  14.1624565  22.245577  8.18737  -1.2868814  -11.228108  -10.311199  -2.1451476  2.759926  -10.414132  -3.3531544  10.411676  7.7773128  -7.1371083  -2.5797925  5.679067  11.889801  10.08915  -4.2317505  1.7161449  -12.570237
0
-42.222305  -20.8691  -21.096792  -12.835269  48.686806  -2.1893978  33.984657  1.8160118  -15.047042  7.068069  -28.075148  35.671547  -15.863958  -16.264307  -10.875551  -42.296806  39.14113  9.594266  -1.7273864  3.2401266  1.2381437  30.691257  -36.465786  21.091738  -16.546274  11.36155  11.282766  4.029556  10.45997  -11.2379  -11.033401  31.127201  -3.89308  2.3931592  -10.644587  -10.597788  0.58207023  -18.6969  -5.012674  36.535465  -13.454385  -37.9204  -40.81652  8.814161  -6.598183  12.107183  7.825364  7.347858  16.075153  1.7044282  -0.80888677  3.0621505  5.6778345  -14.133438  -8.744719  10.52366  5.990567  -11.945696  -4.7423673  -2.9437306  12.772424  1.0625321  -8.69314  5.8722124  0.17393473  11.681365  31.041964  19.741589  22.004848  3.6641471  -11.604084  -5.212598  -4.8446856  -7.0539427  18.397253  -2.039754  22.118673  17.124535  17.264479  -2.891391  14.1624565  22.245577  8.18737  -1.2868814  -11.228108  -10.311199  -2.1451476  2.759926  -10.414132  -3.3531544  10.411676  7.7773128  -7.1371083  -2.5797925  5.679067  11.889801  10.08915  -4.2317505  1.7161449  -12.570237
0
-42.222305  -20.8691  -21.096792  -12.835269  48.686806  -2.1893978  33.984657  1.8160118  -15.047042  7.068069  -28.075148  35.671547  -15.863958  -16.264307  -10.875551  -42.296806  39.14113  9.594266  -1.7273864  3.2401266  1.2381437  30.691257  -36.465786  21.091738  -16.546274  11.36155  11.282766  4.029556  10.45997  -11.2379  -11.033401  31.127201  -3.89308  2.3931592  -10.644587  -10.597788  0.58207023  -18.6969  -5.012674  36.535465  -13.454385  -37.9204  -40.81652  8.814161  -6.598183  12.107183  7.825364  7.347858  16.075153  1.7044282  -0.80888677  3.0621505  5.6778345  -14.133438  -8.744719  10.52366  5.990567  -11.945696  -4.7423673  -2.9437306  12.772424  1.0625321  -8.69314  5.8722124  0.17393473  11.681365  31.041964  19.741589  22.004848  3.6641471  -11.604084  -5.212598  -4.8446856  -7.0539427  18.397253  -2.039754  22.118673  17.124535  17.264479  -2.891391  14.1624565  22.245577  8.18737  -1.2868814  -11.228108  -10.311199  -2.1451476  2.759926  -10.414132  -3.3531544  10.411676  7.7773128  -7.1371083  -2.5797925  5.679067  11.889801  10.08915  -4.2317505  1.7161449  -12.570237
0
-22.119516  -36.3205  12.256273  13.343884  13.617868  14.367492  2.8286762  32.7257  -6.9646864  0.70794654  11.590798  4.976417  -6.1506267  -5.5798044  -17.61437  6.006273  -7.867586  -3.8553474  -2.0658278  -5.7487803  8.638658  -5.3388286  -19.322855  -0.13903731  -2.1971915  6.7468677  -1.427277  15.376477  13.142424  1.2207829  10.229398  26.402298  -9.78037  2.6904273  -5.0550313  -14.050127  -8.529483  -7.9735303  5.0964365  -5.8085885  3.5498552  10.773242  -19.302633  -19.164854  3.6802242  22.944273  -8.042195  3.60205  12.435537  -2.1632278  12.622284  -3.5786157  1.1546267  -5.071845  -11.142192  5.9939427  -2.3237364  3.0096114  8.3158  -6.826162  6.8625956  12.232947  -0.29653642  -5.2951508  -1.2183789  13.280779  -5.713653  -7.475805  0.55688626  -16.02032  -6.289625  0.39499196  -6.427446  6.1755147  -5.0755653  0.5013615  9.263579  12.791897  7.5592394  7.1010013  7.760916  1.4463912  -2.3506877  -5.457969  -18.42109  -0.5125909  -0.8759217  5.396335  1.7259035  -2.3349288  5.4693236  4.611344  -5.3093476  -8.752782  13.631079  -2.266536  -8.289635  -4.7463374  0.09221306  -6.4278574
0
-22.119516  -36.3205  12.256273  13.343884  13.617868  14.367492  2.8286762  32.7257  -6.9646864  0.70794654  11.590798  4.976417  -6.1506267  -5.5798044  -17.61437  6.006273  -7.867586  -3.8553474  -2.0658278  -5.7487803  8.638658  -5.3388286  -19.322855  -0.13903731  -2.1971915  6.7468677  -1.427277  15.376477  13.142424  1.2207829  10.229398  26.402298  -9.78037  2.6904273  -5.0550313  -14.050127  -8.529483  -7.9735303  5.0964365  -5.8085885  3.5498552  10.773242  -19.302633  -19.164854  3.6802242  22.944273  -8.042195  3.60205  12.435537  -2.1632278  12.622284  -3.5786157  1.1546267  -5.071845  -11.142192  5.9939427  -2.3237364  3.0096114  8.3158  -6.826162  6.8625956  12.232947  -0.29653642  -5.2951508  -1.2183789  13.280779  -5.713653  -7.475805  0.55688626  -16.02032  -6.289625  0.39499196  -6.427446  6.1755147  -5.0755653  0.5013615  9.263579  12.791897  7.5592394  7.1010013  7.760916  1.4463912  -2.3506877  -5.457969  -18.42109  -0.5125909  -0.8759217  5.396335  1.7259035  -2.3349288  5.4693236  4.611344  -5.3093476  -8.752782  13.631079  -2.266536  -8.289635  -4.7463374  0.09221306  -6.4278574
0
-22.529778  -36.005165  11.575602  12.809615  14.333561  14.029595  3.4645114  32.094894  -7.129633  0.83774525  10.781291  5.6028476  -6.3488584  -5.7978554  -17.476843  5.020493  -6.908225  -3.5808656  -2.0589209  -5.5653324  8.487626  -4.6035247  -19.672709  0.2942445  -2.4900298  6.841045  -1.1678873  15.144908  13.08768  0.966523  9.795464  26.498722  -9.66022  2.6843605  -5.1691046  -13.9796715  -8.343533  -8.192376  4.890128  -4.944425  3.2028291  9.7794895  -19.74169  -18.593853  3.4704604  22.723108  -7.718367  3.678495  12.509815  -2.0842965  12.348179  -3.4430897  1.246937  -5.256775  -11.093265  6.086386  -2.154056  2.7044015  8.049308  -6.7469287  6.9832044  12.004979  -0.46789578  -5.0672464  -1.1899643  13.248138  -4.963538  -6.920348  0.9945995  -15.618598  -6.3980837  0.28055167  -6.3951445  5.9055257  -4.59653  0.44950193  9.525929  12.880319  7.757306  6.897074  7.8915596  1.8708649  -2.1356256  -5.372845  -18.274292  -0.7125617  -0.90182424  5.3425307  1.4781482  -2.3557088  5.570188  4.6759553  -5.346649  -8.6268015  13.468794  -1.9776326  -7.9145575  -4.7358356  0.12535445  -6.5532117
0
-39.96586  -22.603445  -17.353065  -9.896789  44.75049  -0.3309701  30.48755  5.2854433  -14.139839  6.3541784  -23.622839  32.226173  -14.773685  -15.065026  -11.6319475  -36.87502  33.864643  8.08462  -1.7653745  2.2311697  2.0688164  26.64706  -34.54158  18.708694  -14.935666  10.843576  9.856132  5.3031974  10.761065  -9.839477  -8.646755  30.596863  -4.553896  2.426526  -10.017186  -10.985295  -0.4406582  -17.493256  -3.8779776  31.782558  -11.545751  -32.454796  -38.401695  5.6736536  -5.444484  13.323596  6.044309  6.9274106  15.666625  1.2703042  0.698694  2.31676  5.170127  -13.116321  -9.013825  10.0152235  5.0573273  -10.26704  -3.2766573  -3.379515  12.1090765  2.3163505  -7.7506638  4.6187296  0.017654574  11.860894  26.916336  16.686573  19.597418  1.4546634  -11.007564  -4.583175  -5.022343  -5.5690036  15.76255  -1.7545271  20.675753  16.63822  16.175114  -1.7697966  13.443917  19.910982  7.0045247  -1.7550657  -12.035483  -9.211351  -2.002684  3.0558503  -9.051475  -3.2388637  9.856923  7.421947  -6.931952  -3.2726755  6.5716376  10.300823  8.026232  -4.28951  1.5338666  -11.880787
0
-3.5928602  -3.0911727  3.1879337  2.0828319  6.504109  3.059662  2.6392117  7.2484117  -2.6595223  1.1308414  0.7775051  4.088814  2.527214  -2.1356637  -1.4621905  0.16833177  0.11431417  0.6316843  0.48344046  1.604927  1.8860267  1.7030549  -3.7014005  0.27898043  0.4435909  1.2686192  0.34489685  0.54668665  1.8056712  -0.6216896  2.3406372  3.6206343  -0.72915053  -0.37701142  -1.3928931  -2.2478447  -1.1139739  -1.1398466  0.19435148  -1.4281932  2.207354  0.6028406  -2.348878  -3.5083835  -0.28158504  5.325306  0.96317005  -2.1641119  2.587805  -0.15759912  3.724049  -1.1253467  2.8915534  -1.456146  0.78201044  4.1966662  1.3642517  -0.4943984  1.4729632  -1.7083453  1.656341  2.6629624  -1.8518225  2.554084  0.19417931  -0.027937328  -1.6772689  -0.6409679  0.055013258  -2.3769386  2.50723  -0.17642948  -0.1363278  -0.18246216  -1.7228235  -1.4184953  0.003123626  4.446962  -1.067603  2.3609014  0.48670852  -0.7757204  -0.09689209  -1.1713326  -2.5504332  1.2820112  1.7368126  0.4653917  -0.48417696  -0.34117103  0.4621023  2.440095  -1.095304  -1.8471549  1.9626712  -0.9311848  -1.7952437  0.07582757  1.0386778  -0.5346265
0
-39.96586  -22.603445  -17.353065  -9.896789  44.75049  -0.3309701  30.48755  5.2854433  -14.139839  6.3541784  -23.622839  32.226173  -14.773685  -15.065026  -11.6319475  -36.87502  33.864643  8.08462  -1.7653745  2.2311697  2.0688164  26.64706  -34.54158  18.708694  -14.935666  10.843576  9.856132  5.3031974  10.761065  -9.839477  -8.646755  30.596863  -4.553896  2.426526  -10.017186  -10.985295  -0.4406582  -17.493256  -3.8779776  31.782558  -11.545751  -32.454796  -38.401695  5.6736536  -5.444484  13.323596  6.044309  6.9274106  15.666625  1.2703042  0.698694  2.31676  5.170127  -13.116321  -9.013825  10.0152235  5.0573273  -10.26704  -3.2766573  -3.379515  12.1090765  2.3163505  -7.7506638  4.6187296  0.017654574  11.860894  26.916336  16.686573  19.597418  1.4546634  -11.007564  -4.583175  -5.022343  -5.5690036  15.76255  -1.7545271  20.675753  16.63822  16.175114  -1.7697966  13.443917  19.910982  7.0045247  -1.7550657  -12.035483  -9.211351  -2.002684  3.0558503  -9.051475  -3.2388637  9.856923  7.421947  -6.931952  -3.2726755  6.5716376  10.300823  8.026232  -4.28951  1.5338666  -11.880787
0
-5.039526  -4.738527  4.5725904  2.493384  5.3259916  3.2081919  0.26198152  5.9274116  -2.8674293  1.5468719  0.26664704  4.146066  2.8753505  -2.043342  -1.7167646  0.58966196  -2.002706  0.57853067  0.4259555  -0.4897666  1.9139178  1.1991876  -4.739894  0.5383845  1.0571841  1.0369706  0.15684189  0.91085565  1.5125847  -0.38060603  3.2364078  3.2461894  -0.7341097  0.6670016  -2.0832343  -2.4212146  -1.4405144  -0.95074046  1.2330558  -1.5720795  0.88150525  0.3999833  -2.322329  -4.089276  0.20489967  4.5518208  -0.68903595  -1.2077557  2.2492318  -1.0650706  2.6028655  -2.5301323  2.8448722  -0.8808308  -0.48891675  3.4120493  0.94269794  0.41436043  1.2533985  -0.5380086  1.3195794  2.9831421  -2.4862113  0.46726856  0.2900663  1.2566307  -1.1042916  -0.7226552  -0.05836226  -1.6311337  0.3794777  0.30802453  -0.47290477  2.2356124  -2.152225  -0.6192412  0.78958553  4.4243784  -1.7972623  1.7454821  1.196965  0.30874598  -0.08349827  -1.2779235  -2.3429058  0.6960039  0.76708454  0.90260184  0.13004807  0.37040797  -0.7276261  1.7572355  -0.96103144  -0.40926468  1.80968  0.03345911  -1.038938  -0.6069076  0.24428825  -0.595115
0
-4.5691366  -11.63013  -7.2680006  1.9750909  12.527982  -8.800145  3.9508066  -6.249181  -6.422561  10.211198  1.1022882  8.139773  2.4032092  -11.825523  -2.7378776  -6.6070156  -6.885066  0.17043824  -6.6752353  -5.4108677  1.288821  -5.223906  0.58782184  7.791791  -12.712797  6.1782017  9.741083  -7.277421  5.433527  3.0381968  3.578753  7.6711836  4.6254597  11.651601  0.56819785  -1.672051  -2.8473496  -1.3007935  -3.0767066  3.305357  -1.4461684  -0.2367132  -3.9464386  -5.275927  -3.0197024  7.1683645  5.852355  -7.073634  8.497459  4.336966  1.458388  -4.371573  2.2280884  -6.9107313  -0.48562288  6.2404423  -0.71327424  -3.6389668  1.5552673  -6.0692844  6.3051047  3.943544  -0.77932596  0.027776748  -1.8326001  -0.36967313  5.7991834  2.504856  1.5624487  -3.9955368  -3.7201836  1.2594856  -1.060485  2.5215232  0.016523086  -2.278009  5.64836  9.087789  -0.24361952  1.4509885  1.8361155  -5.869398  0.30017465  -2.0874908  -3.0232418  -0.6848389  3.2631595  5.217786  -2.593587  -2.0721574  -3.0846617  0.26461256  0.06794425  -0.11675  4.061159  -5.195736  0.7404721  -0.8982346  -0.09696026  -0.048539758
0
-36.8889  -24.968452  -12.248003  -5.8897758  39.382782  2.2032506  25.718775  10.016535  -12.902746  5.380692  -17.551514  27.527948  -13.286955  -13.429641  -12.663398  -29.481686  26.669424  6.0260043  -1.8171768  0.85531896  3.201544  21.132235  -31.917654  15.459086  -12.739373  10.137246  7.910723  7.039973  11.171644  -7.932534  -5.3922477  29.873653  -5.4550114  2.472026  -9.161642  -11.513716  -1.835285  -15.851929  -2.3306649  25.301315  -8.943065  -25.001688  -35.10875  1.3911498  -3.871259  14.982332  3.6155996  6.354069  15.109541  0.678317  2.7544858  1.3003157  4.477799  -11.72934  -9.380784  9.321897  3.7847269  -7.9779654  -1.2779571  -3.973765  11.204515  4.026109  -6.4654713  2.9094386  -0.19545494  12.1057005  21.290478  12.520651  16.314554  -1.5582691  -10.194124  -3.7248719  -5.264602  -3.5440867  12.16978  -1.3655818  18.708141  15.975064  14.689616  -0.24034996  12.4640875  16.727448  5.391556  -2.3934946  -13.136447  -7.711562  -1.808415  3.459383  -7.1933045  -3.083013  9.10044  6.937362  -6.6521926  -4.2175217  7.7887855  8.134036  5.213149  -4.3682737  1.2853054  -10.940626
0
2.0793297  -10.01013  -1.894672  0.20251058  7.7032948  -4.440678  5.6224017  2.0842314  -7.8054237  9.891577  -1.5906584  3.795885  1.0008451  0.7557923  4.4156837  -4.2158847  0.42425236  3.9223588  7.862394  0.26119146  4.351297  -1.7081525  -0.7547447  4.7436905  1.9003831  2.1878989  -4.1559787  -6.862359  2.2827117  3.2977102  2.5712025  5.1537156  -5.976875  -0.6180793  -2.6444314  -1.9129708  1.9005746  2.7926116  0.82060206  -1.8981749  -0.30097115  -1.2325653  4.0089884  -1.3663447  -3.805937  10.643179  5.4186425  -4.204447  9.908766  -0.04427523  1.1857023  -2.742382  4.417112  -2.4329376  -2.1453025  4.6003957  -2.0492501  -1.6715814  1.8180691  -0.833111  4.3409023  -0.5067042  -1.4685005  -3.842781  2.8678071  0.008340394  5.029621  1.7444457  -0.930807  6.320087  -2.3496723  -1.4453849  0.51899195  2.727678  -1.9932448  2.9077246  3.6283467  7.6283226  -1.9082865  -0.42897075  0.35213587  0.24970804  -0.2373602  -0.5372421  0.16429144  2.3436143  0.18974225  3.8993459  -2.3328867  0.27835253  1.0669279  4.1535163  1.2112187  -3.0302498  2.9716492  -0.27285585  -2.6688426  3.222104  -0.1084409  1.0955962
0
-1.6272575  0.08116642  -6.0329666  16.014442  -8.745955  -4.6279507  -6.050082  -14.243764  0.6042723  5.142517  -2.9766939  5.607872  9.75373  -0.07104862  0.011198368  -3.4728572  -8.73375  4.394805  -3.9737682  2.9037313  1.6004034  2.042008  -7.4635034  7.54181  1.1241319  -0.54318345  -3.1302547  -0.20841834  1.7383889  -1.4571587  -2.423938  5.4466357  -1.3625386  -0.7979168  -4.388849  3.7294657  1.2927682  1.5724484  -8.721687  0.048059605  -4.0062537  -3.6768475  1.4317793  -2.5330017  -2.4239516  6.150539  9.628571  -3.9417171  4.7253633  -1.0302896  -0.27216166  -0.7973272  5.6427555  -8.433433  1.5830948  4.652211  1.0651846  -3.5163884  0.9901238  -4.1510515  2.88309  -0.9444488  -4.152499  -1.0130405  -0.6322614  -0.56453586  -0.50441843  2.5094008  7.672309  -3.642701  2.0483928  0.5874717  -0.7105534  -3.296702  2.759136  -3.9126904  6.9546757  2.1358416  -0.0439007  3.3937733  -1.7169348  2.0285702  -3.1005518  -0.09956662  1.5890927  -1.1383973  -0.80907327  -0.1999916  -0.7964438  -0.23747137  -0.95203567  8.450462  -1.5642784  1.3687238  4.5046973  -3.7660422  -0.6995208  -1.5320284  3.9799316  4.149823
0
4.3273726  -4.3342175  1.2419745  1.6414254  9.342074  6.954228  2.5353992  2.6389153  -2.1561732  5.916732  -4.8151336  5.448837  5.147205  -1.5698309  3.5273879  2.8911223  0.87604594  6.737512  2.6015937  3.4938626  3.9995403  0.4031406  -2.625495  3.4861383  7.013306  1.8944488  -3.5577013  -6.517042  2.2935708  0.43921506  1.7040809  2.6923916  -3.9757564  -3.8351424  -0.7872355  1.0368421  2.495468  -0.021245353  0.05567479  3.2906392  -1.4434389  -1.0504786  2.5183294  -2.5028563  -1.6607344  7.417296  6.323976  -6.527005  4.596933  -3.586403  0.10292439  -6.5569925  6.4736733  -3.858794  1.262247  5.8128343  0.98314553  2.7269619  0.19156516  -0.5502061  2.7707713  3.994809  -2.1040223  0.4645156  3.400263  1.2457674  2.0495381  2.0049264  -1.0488828  2.607398  0.6250615  4.8489175  2.9039457  -0.6225573  -1.9885689  -2.1805093  2.4794922  7.506465  -2.3432276  0.35416985  1.222646  -1.0104004  0.4895939  -2.3090992  -5.093563  2.3910606  -0.99822515  -1.9227747  -7.9656115  3.1885746  -1.8469008  5.2709217  -0.37840232  -0.24095643  1.4945114  0.15032502  -3.1417577  2.4771786  -1.7305752  -0.08793372
0
-36.8889  -24.968452  -12.248003  -5.8897758  39.382782  2.2032506  25.718775  10.016535  -12.902746  5.380692  -17.551514  27.527948  -13.286955  -13.429641  -12.663398  -29.481686  26.669424  6.0260043  -1.8171768  0.85531896  3.201544  21.132235  -31.917654  15.459086  -12.739373  10.137246  7.910723  7.039973  11.171644  -7.932534  -5.3922477  29.873653  -5.4550114  2.472026  -9.161642  -11.513716  -1.835285  -15.851929  -2.3306649  25.301315  -8.943065  -25.001688  -35.10875  1.3911498  -3.871259  14.982332  3.6155996  6.354069  15.109541  0.678317  2.7544858  1.3003157  4.477799  -11.72934  -9.380784  9.321897  3.7847269  -7.9779654  -1.2779571  -3.973765  11.204515  4.026109  -6.4654713  2.9094386  -0.19545494  12.1057005  21.290478  12.520651  16.314554  -1.5582691  -10.194124  -3.7248719  -5.264602  -3.5440867  12.16978  -1.3655818  18.708141  15.975064  14.689616  -0.24034996  12.4640875  16.727448  5.391556  -2.3934946  -13.136447  -7.711562  -1.808415  3.459383  -7.1933045  -3.083013  9.10044  6.937362  -6.6521926  -4.2175217  7.7887855  8.134036  5.213149  -4.3682737  1.2853054  -10.940626
0
-22.529778  -36.005165  11.575602  12.809615  14.333561  14.029595  3.4645114  32.094894  -7.129633  0.83774525  10.781291  5.6028476  -6.3488584  -5.7978554  -17.476843  5.020493  -6.908225  -3.5808656  -2.0589209  -5.5653324  8.487626  -4.6035247  -19.672709  0.2942445  -2.4900298  6.841045  -1.1678873  15.144908  13.08768  0.966523  9.795464  26.498722  -9.66022  2.6843605  -5.1691046  -13.9796715  -8.343533  -8.192376  4.890128  -4.944425  3.2028291  9.7794895  -19.74169  -18.593853  3.4704604  22.723108  -7.718367  3.678495  12.509815  -2.0842965  12.348179  -3.4430897  1.246937  -5.256775  -11.093265  6.086386  -2.154056  2.7044015  8.049308  -6.7469287  6.9832044  12.004979  -0.46789578  -5.0672464  -1.1899643  13.248138  -4.963538  -6.920348  0.9945995  -15.618598  -6.3980837  0.28055167  -6.3951445  5.9055257  -4.59653  0.44950193  9.525929  12.880319  7.757306  6.897074  7.8915596  1.8708649  -2.1356256  -5.372845  -18.274292  -0.7125617  -0.90182424  5.3425307  1.4781482  -2.3557088  5.570188  4.6759553  -5.346649  -8.6268015  13.468794  -1.9776326  -7.9145575  -4.7358356  0.12535445  -6.5532117
0
-39.76073  -22.761112  -17.012726  -9.629654  44.39264  -0.16202214  30.169632  5.600848  -14.057366  6.2892795  -23.218084  31.91296  -14.67457  -14.956  -11.700711  -36.38213  33.38496  7.9473796  -1.768828  2.1394463  2.1443317  26.279404  -34.366653  18.492054  -14.789247  10.796488  9.7264385  5.418982  10.788436  -9.712347  -8.429787  30.548649  -4.6139703  2.4295592  -9.96015  -11.020523  -0.5336335  -17.383835  -3.7748234  31.350475  -11.372238  -31.957922  -38.182167  5.3881536  -5.3396025  13.434178  5.8823953  6.889188  15.629486  1.2308384  0.83574677  2.2489972  5.123972  -13.023855  -9.038289  9.969002  4.972487  -10.114435  -3.1434107  -3.4191315  12.048773  2.4303343  -7.664984  4.5047765  0.003447283  11.877214  26.541279  16.408846  19.37856  1.2538012  -10.953335  -4.5259547  -5.0384936  -5.434009  15.523033  -1.7285974  20.544579  16.59401  16.07608  -1.6678334  13.378595  19.698746  6.8969936  -1.7976277  -12.108881  -9.111364  -1.989733  3.0827525  -8.927596  -3.2284737  9.806491  7.3896413  -6.9133015  -3.3356652  6.652781  10.156371  7.838693  -4.2947607  1.5172958  -11.8181095
100 14 2
7  8
0
-0.51689905  -6.682114  0.73988104  0.8380751  6.05031  4.7308297  0.96033466  -0.10938944  -1.1942157  2.6788487  2.1524534  3.166987  0.5383702  -0.39519155  1.8863736  0.4688332  1.5707589  -0.74226135  -3.409929  -0.74420476  0.83861727  -0.16482796  -2.361395  1.2828451  3.5310767  1.0342504  -3.1720562  2.9578433  -0.26582006  2.8320723  -0.72740793  -2.6210482  -2.0897715  -1.308581  1.3649406  1.3354576  -0.5930272  0.3746901  -1.882887  0.9989637  1.3232379  -1.4011241  -1.2689638  1.5917426  -1.491275  -0.23082212  -0.071246676  0.36259025  2.7451353  0.4345954  1.1932503  0.6221884  2.157509  -5.483511  -2.4286594  0.8587422  1.2266536  -2.1361113  2.8740373  0.30894366  1.2163953  0.5922039  -2.9620402  -3.2210658  1.0335273  0.64918256  -1.1201962  -1.1704923  -0.85195005  1.070237  -0.27079853  -2.3963587  -2.7721689  0.80110687  0.1477292  1.4564023  3.1617148  1.4457779  3.1265335  -0.48202807  -1.1242696  2.0868275  -0.071517706  -1.4893134  -1.4216421  -1.2851528  -3.944985  2.215019  -1.537051  -0.7308942  3.390829  2.7963865  -1.0044454  1.3260616  3.7820687  1.1862583  0.8605951  1.6737186  -0.45793134  0.61321497
0
-0.2356956  0.0902633  0.16619527  0.30132687  0.756415  0.052206013  0.022867054  0.32064274  -0.11680024  0.16018657  -0.13919793  0.6900177  0.91598845  -0.155825  -0.28407452  -0.15913795  -0.09396908  0.18259946  0.14763997  0.36396945  0.19050954  0.3952317  -0.21366477  0.2233596  -0.009170282  0.21971785  -0.15289372  -0.42323613  -0.36355063  -0.1446502  0.060936652  -0.108515546  -0.13871326  -0.04873006  -0.1963842  -0.27606773  -0.29821727  0.18867351  -0.03530094  0.07097453  0.25341007  -0.14711516  -0.031206995  0.033961948  -0.0073947012  0.3960256  0.3348474  -0.45252746  -0.025025917  -0.5059927  -0.2922556  -0.24867511  -0.020042181  -0.12369333  0.09575678  0.095272556  -0.13397324  0.3485935  -0.15132098  0.062122285  0.047527406  0.3330525  -0.010202861  -0.2632433  0.29600915  0.2619197  -0.06777408  0.011878597  -0.18782698  -0.03522992  0.12407155  0.18986939  0.05354023  0.0010732926  -0.15856184  0.19192328  -0.03753205  0.10807322  -0.22469237  -0.19894192  -0.023442058  0.050547663  0.1684741  -0.07062448  -0.08066993  0.12003887  0.046345025  0.030573681  -0.30704486  -0.10038482  -0.080264635  0.16617261  -0.22880091  -0.103637934  0.1538416  0.084320255  0.07569491  0.07290984  -0.0017702699  0.09827315
0
0.9003125  -1.6408213  -0.002242744  -1.8218001  2.469928  0.89280427  -0.80052704  0.7207393  -2.9487226  1.1657342  -0.70429796  0.95776504  -0.39675692  -0.0836148  -1.3511147  1.5886041  1.440118  -0.5314699  0.71221215  -0.25771263  -0.118068464  -0.70151436  -1.257037  -0.31991866  1.0244662  0.21825394  -1.6066208  0.50689846  -0.8726997  0.43547153  1.6602956  -0.18828318  0.42804983  -0.88680696  0.25761315  0.675125  -0.12629284  -0.22336712  -0.47107083  0.7511909  -0.17088139  0.23861514  -0.16233431  0.9587249  0.64787644  0.24558735  1.5814354  -0.36621144  1.2090653  0.0042764693  -0.24218333  -0.926468  1.0897738  -2.1003492  -0.9004169  1.101634  0.88921744  -1.1524237  -0.0093994215  -0.7683044  0.5320568  -1.2894784  0.31408882  -1.3072416  0.0766109  0.68720675  -0.06766925  0.5566818  0.3749685  -0.022194825  0.6380201  0.36227915  -1.0991535  0.64182574  -0.77368975  -0.1029483  1.1552497  1.5014651  0.31383777  -1.1048042  -0.5056396  1.1786356  0.9201321  -0.7948401  -0.57873744  -0.15165746  -0.5471913  1.1726756  0.4702006  -1.5506973  0.7275474  0.50093335  -0.38093972  -0.7926283  0.4316073  -0.06841122  -0.56753117  0.36908692  -0.11144507  -0.39520022
0
-0.099607944  0.20997868  0.55822873  0.31863582  0.5456338  0.10124533  0.040716607  0.2535582  -0.11869561  0.08049161  -0.15818532  0.38205817  0.5194159  -0.013596029  -0.05147552  -0.27880314  0.18968773  0.095610425  -0.09519792  0.2922641  0.26724303  0.47357395  -0.09050611  -0.058646623  -0.06773139  0.006200973  -0.048093405  -0.41913038  0.064909436  -0.009675941  0.040172894  -0.07239444  -0.14687862  0.14967264  -0.033911172  0.07043957  0.015607892  0.035974756  0.14769614  -0.29754588  0.08736921  0.090392664  0.21301821  -0.03085412  -0.36560938  0.45064947  0.15075308  -0.16830419  0.069611184  -0.29894134  -0.28080547  -0.3208867  0.39204672  0.08873922  0.3313532  0.34554365  0.1342597  0.09830182  0.23164926  0.24826537  0.08117796  0.31239605  0.01761471  0.19967681  0.16973394  -0.30031767  -0.22763756  0.2095946  -0.1739328  0.0185341  0.21616003  0.18272597  0.05832985  -0.08256347  0.00042425186  0.088199705  -0.31797335  0.95288706  -0.36381575  -0.07997484  0.12004988  -0.06144252  -0.09929711  0.13250129  0.16763018  0.13617124  0.2784612  -0.029449087  -0.19166817  -0.116597846  -0.053823166  0.03405024  0.19315112  -0.1027561  -0.38987806  0.23218754  -0.028712776  0.10332696  -0.046969876  0.029518293
0
-0.0016542971  0.594119  0.70293623  -0.61204726  0.021674111  0.5647731  -0.55861235  0.87312263  0.5994405  -0.7867141  0.461848  -1.5087729  0.25089923  1.2788019  0.22850682  -0.2615936  -0.009162965  0.64634275  -0.5430339  -0.564614  -0.6875137  -0.6429427  -0.4967411  -0.74150425  0.3794384  -0.6131825  1.1355215  0.16541706  -0.21464503  0.18122317  -1.2870941  0.13628417  0.35329416  1.2281579  -0.5753617  -0.07549112  0.13217779  -0.37288594  0.35187727  0.7433748  -0.60410905  0.9577947  0.24747518  -0.19013225  0.88178116  -1.1066667  -0.53971905  1.206819  -0.9188577  -0.37241557  0.36986783  1.4021063  0.39568514  0.29278672  0.22229873  0.6168942  -0.54150194  -0.14947242  -0.7218182  1.3328592  0.26022574  0.38315737  -0.13996793  -0.38604063  0.5189226  0.7493539  -0.14488642  0.39614657  -0.43055528  0.03228615  -0.7427145  0.41941094  0.16570228  0.32507852  -0.56600547  0.011314403  0.63563234  -0.08021575  0.5112507  -0.43050522  -0.028564066  0.09975666  -0.077237315  -0.83450025  -0.19146766  0.28776526  0.1504882  -0.20510176  0.5115376  0.16597252  -0.4213857  -0.1316757  -0.5548852  0.19782668  -0.6716986  -0.0021085462  0.3329186  0.15871917  -0.04089195  -0.38130262
0
-0.2356956  0.0902633  0.16619527  0.30132687  0.756415  0.052206013  0.022867054  0.32064274  -0.11680024  0.16018657  -0.13919793  0.6900177  0.91598845  -0.155825  -0.28407452  -0.15913795  -0.09396908  0.18259946  0.14763997  0.36396945  0.19050954  0.3952317  -0.21366477  0.2233596  -0.009170282  0.21971785  -0.15289372  -0.42323613  -0.36355063  -0.1446502  0.060936652  -0.108515546  -0.13871326  -0.04873006  -0.1963842  -0.27606773  -0.29821727  0.18867351  -0.03530094  0.07097453  0.25341007  -0.14711516  -0.031206995  0.033961948  -0.0073947012  0.3960256  0.3348474  -0.45252746  -0.025025917  -0.5059927  -0.2922556  -0.24867511  -0.020042181  -0.12369333  0.09575678  0.095272556  -0.13397324  0.3485935  -0.15132098  0.062122285  0.047527406  0.3330525  -0.010202861  -0.2632433  0.29600915  0.2619197  -0.06777408  0.011878597  -0.18782698  -0.03522992  0.12407155  0.18986939  0.05354023  0.0010732926  -0.15856184  0.19192328  -0.03753205  0.10807322  -0.22469237  -0.19894192  -0.023442058  0.050547663  0.1684741  -0.07062448  -0.08066993  0.12003887  0.046345025  0.030573681  -0.30704486  -0.10038482  -0.080264635  0.16617261  -0.22880091  -0.103637934  0.1538416  0.084320255  0.07569491  0.07290984  -0.0017702699  0.09827315
0
0.9003125  -1.6408213  -0.002242744  -1.8218001  2.469928  0.89280427  -0.80052704  0.7207393  -2.9487226  1.1657342  -0.70429796  0.95776504  -0.39675692  -0.0836148  -1.3511147  1.5886041  1.440118  -0.5314699  0.71221215  -0.25771263  -0.118068464  -0.70151436  -1.257037  -0.31991866  1.0244662  0.21825394  -1.6066208  0.50689846  -0.8726997  0.43547153  1.6602956  -0.18828318  0.42804983  -0.88680696  0.25761315  0.675125  -0.12629284  -0.22336712  -0.47107083  0.7511909  -0.17088139  0.23861514  -0.16233431  0.9587249  0.64787644  0.24558735  1.5814354  -0.36621144  1.2090653  0.0042764693  -0.24218333  -0.926468  1.0897738  -2.1003492  -0.9004169  1.101634  0.88921744  -1.1524237  -0.0093994215  -0.7683044  0.5320568  -1.2894784  0.31408882  -1.3072416  0.0766109  0.68720675  -0.06766925  0.5566818  0.3749685  -0.022194825  0.6380201  0.36227915  -1.0991535  0.64182574  -0.77368975  -0.1029483  1.1552497  1.5014651  0.31383777  -1.1048042  -0.5056396  1.1786356  0.9201321  -0.7948401  -0.57873744  -0.15165746  -0.5471913  1.1726756  0.4702006  -1.5506973  0.7275474  0.50093335  -0.38093972  -0.7926283  0.4316073  -0.06841122  -0.56753117  0.36908692  -0.11144507  -0.39520022
0
-4.5247235  -4.782213  0.6083545  1.3233746  6.823315  3.3777483  0.60388666  -1.0915748  -1.4943732  1.6380864  1.0736557  1.4518882  -0.009380159  -3.3114283  -1.2261564  -1.1409656  2.5963326  2.2121458  0.5630993  4.003143  0.0088526895  2.3992786  -2.3381865  -2.3102045  -0.23688854  3.7740674  0.7915604  1.5123738  -3.403113  4.6784215  0.6780236  2.969952  -0.84004927  -1.2820989  -3.352837  -0.35727078  0.05802373  1.5220165  -0.7751517  3.3552127  0.12387257  1.2603952  0.6641698  2.586502  -2.033965  -0.69950384  1.4206939  -1.0432223  2.20105  2.0976317  -0.85455173  -0.09335667  -1.3991501  -5.232033  -3.0049148  0.58637977  2.8846025  -1.229987  0.37205955  -2.2295249  0.15497227  -5.8624806  -1.091824  -2.1682818  0.7524213  1.9931936  -1.4475652  -0.12099826  -2.2656527  0.54015404  2.090133  3.3748987  -2.8042834  -0.91824543  1.8421135  -0.8377533  2.3350513  -1.4568195  -0.24900195  -1.5352031  -0.65370494  2.7724023  -0.94504726  -2.0391257  0.69823354  -3.5389247  1.5278188  1.2083917  -2.12549  2.3830793  0.9807262  2.4866753  0.7466903  2.7881243  2.6553628  -1.5777068  1.500226  -0.09792358  -2.291094  0.62083584
0
0.6070176  -0.65685844  0.99103445  0.6654032  -0.31506637  -0.3922265  -0.03375646  -1.0206245  -0.22656366  0.8617348  -0.20960763  -0.17598592  0.10578509  -0.022720814  0.4806964  -0.18637405  -0.035654794  0.5727369  -0.13238327  0.009938859  0.6523748  0.51368624  -0.7094527  -0.7243794  -0.29287866  0.51300097  -0.0557307  0.63717896  0.39822462  0.17662945  -0.96645343  -0.7677879  0.37835586  -0.16006504  0.22445668  0.64276123  -0.024462473  0.40975267  0.43552017  -0.18113695  -0.2004783  0.043301877  0.1596786  0.29460287  -0.26461592  0.7726834  0.38387844  -0.18039642  0.15308045  -0.028088901  -0.063530944  -0.90636694  0.2340388  -0.4293606  -0.208298  0.49325353  0.27657476  0.2309365  0.39313963  -0.37051627  0.26100495  -0.055600192  0.0897116  0.1961334  0.24130198  0.7882165  0.8672033  -0.21903041  0.086149685  -0.2208434  -0.26154664  0.14220722  0.0062402254  -0.054586224  0.50525767  -0.5989925  1.1707112  0.31351742  0.09943832  0.1673659  -0.5401588  0.11283923  -0.8985973  -0.10321067  -0.07684829  0.7925534  -0.33025905  -0.046665642  -1.0572115  -0.37939903  0.3001921  0.79181755  -0.26281476  -0.303004  0.051758938  -0.01945935  -0.29761901  -0.7433264  0.55615664  -0.44549567
0
0.9003125  -1.6408213  -0.002242744  -1.8218001  2.469928  0.89280427  -0.80052704  0.7207393  -2.9487226  1.1657342  -0.70429796  0.95776504  -0.39675692  -0.0836148  -1.3511147  1.5886041  1.440118  -0.5314699  0.71221215  -0.25771263  -0.118068464  -0.70151436  -1.257037  -0.31991866  1.0244662  0.21825394  -1.6066208  0.50689846  -0.8726997  0.43547153  1.6602956  -0.18828318  0.42804983  -0.88680696  0.25761315  0.675125  -0.12629284  -0.22336712  -0.47107083  0.7511909  -0.17088139  0.23861514  -0.16233431  0.9587249  0.64787644  0.24558735  1.5814354  -0.36621144  1.2090653  0.0042764693  -0.24218333  -0.926468  1.0897738  -2.1003492  -0.9004169  1.101634  0.88921744  -1.1524237  -0.0093994215  -0.7683044  0.5320568  -1.2894784  0.31408882  -1.3072416  0.0766109  0.68720675  -0.06766925  0.5566818  0.3749685  -0.022194825  0.6380201  0.36227915  -1.0991535  0.64182574  -0.77368975  -0.1029483  1.1552497  1.5014651  0.31383777  -1.1048042  -0.5056396  1.1786356  0.9201321  -0.7948401  -0.57873744  -0.15165746  -0.5471913  1.1726756  0.4702006  -1.5506973  0.7275474  0.50093335  -0.38093972  -0.7926283  0.4316073  -0.06841122  -0.56753117  0.36908692  -0.11144507  -0.39520022
0
0.04318497  -0.6814808  0.31065038  0.3192738  -0.5859732  -0.14553265  -0.40364748  0.50322384  0.66606456  -0.12201561  0.02441779  0.20752957  0.41070578  -0.018906623  0.5769587  0.035829056  -0.003394269  -0.090504825  -0.5200568  -0.0713692  0.3575086  -0.10150103  0.112782605  0.008528895  -0.15141726  0.28364542  -0.011930196  0.013432594  -0.49978969  0.34515187  0.38716567  -0.17204799  0.4821668  -0.20342328  -0.24125576  -0.34202188  0.07158654  -0.05729151  -0.42547226  0.05140963  0.036550935  -0.031050669  -0.15922554  0.1008742  -0.25997767  0.3879159  0.3129342  -0.24262413  0.2257879  0.060514238  -0.14944609  0.01790121  0.3761075  -0.27336693  0.15376312  0.4439764  0.26494768  -0.2925746  0.061726213  -0.062021963  0.08194196  0.07091739  0.20166051  -0.06358736  -0.041940488  -0.017366285  0.47661063  -0.021696093  -0.17609574  0.15847355  0.2684671  0.48770112  -0.09390727  0.4930213  -0.048479326  -0.2856557  -0.037219387  0.34655955  -0.1797625  -0.09345636  -0.15626228  -0.039542694  0.06060311  0.48131818  -0.05267381  -0.19326092  -0.14469306  -0.036691274  -0.5229783  -0.18750559  -0.054885037  0.23382214  0.3249319  0.07027433  0.1355599  -0.31961215  -0.27709737  0.12699956  0.59592336  -0.4312689
0
1.0458336  -1.0429095  0.2651256  0.25451794  0.067432866  0.18286772  -0.13637592  0.38197744  -0.42069203  0.48781013  0.40349248  0.05358853  0.33363774  -0.4517436  -0.048203364  0.36127904  -0.061869815  -0.17197433  -0.1542611  0.113083534  0.023938235  0.04992869  -0.18698603  -0.23983644  0.40061766  0.37120938  -0.41515934  0.017698564  0.44882444  0.26619  -0.3516909  -0.6269285  -0.5978284  -0.4866228  0.4317085  -0.08740711  -0.02906107  0.32035455  -0.46957842  -0.38923132  -0.47403947  0.39742836  0.12931208  -0.25115383  -0.74511755  0.71183765  0.41767272  0.12645555  0.7704832  0.26334426  -0.041335262  -0.3776441  0.7048893  -0.39070654  -0.37980458  0.377801  0.43363285  -0.40975848  0.4270923  -0.23519066  0.7462419  -0.053416632  -0.08173694  -0.17862605  0.24163257  0.59501463  0.38955843  0.24716273  -0.14590693  0.19103917  -0.43548092  0.16675326  0.23683766  -0.08245568  0.38420403  -0.1509937  0.17736511  0.4050016  0.4536088  -0.18311048  -0.42996716  0.50331384  0.029197162  0.13698639  0.36397234  0.09715174  0.1481496  -0.0713668  -0.06854357  -0.17229876  -0.27462032  0.35475406  0.20712824  0.30909532  0.43500757  -0.086786374  0.20889212  -0.08651024  -0.017032852  0.18656275
0
-3.410606  -1.6443003  -1.7421968  -1.0695628  3.9521976  -0.20218347  2.7696402  0.09481609  -1.2169603  0.57582957  -2.3107717  2.9038363  -1.284977  -1.3185902  -0.8590422  -3.4626048  3.2080421  0.78949976  -0.13763846  0.2738862  0.08696902  2.514122  -2.9452515  1.7220037  -1.3471284  0.91645825  0.9233723  0.3038391  0.832418  -0.9193731  -0.91738695  2.4978867  -0.3018348  0.19096726  -0.8606929  -0.84218735  0.06144166  -1.5132581  -0.4175186  2.9919672  -1.1041137  -3.113136  -3.300449  0.75081265  -0.54463553  0.9508809  0.6519346  0.5939436  1.291956  0.14266896  -0.08663935  0.25581428  0.4616113  -1.1454687  -0.6956625  0.84928745  0.49281955  -0.9800731  -0.4007089  -0.2291597  1.0314431  0.06676513  -0.70916027  0.48800924  0.016187951  0.9318976  2.543368  1.6237624  1.7954042  0.32526973  -0.9370022  -0.4261635  -0.38499072  -0.58591413  1.5101051  -0.1673293  1.7904818  1.3770363  1.3970042  -0.24762549  1.1434485  1.813606  0.67219394  -0.09614056  -0.8865047  -0.8408928  -0.17368394  0.21648958  -0.85295093  -0.26991507  0.8410029  0.6273546  -0.5739534  -0.19630526  0.44134262  0.97429603  0.8371386  -0.3376999  0.13994287  -1.0156466
0
-2.687179  -2.9037538  -1.1216772  -0.59265333  4.4767256  1.0310698  2.317314  0.043764703  -1.2112741  1.1015844  -1.1949654  2.9696238  -0.8291402  -1.0877404  -0.17268825  -2.4797451  2.7987213  0.40655947  -0.9557111  0.019363463  0.27488106  1.8443844  -2.7992873  1.6122141  -0.12757707  0.9459063  -0.10048479  0.9673401  0.5578585  0.018488228  -0.8698922  1.218153  -0.74881905  -0.1839198  -0.3042845  -0.29777616  -0.10217556  -1.0412711  -0.7838607  2.4937165  -0.49727577  -2.6851332  -2.7925773  0.96104515  -0.78129536  0.6554551  0.4711393  0.5361053  1.6552508  0.21565059  0.23333305  0.3474078  0.8855858  -2.2299793  -1.1289117  0.85165113  0.67627805  -1.2690827  0.4179777  -0.09463386  1.0776812  0.19812483  -1.2723802  -0.4392595  0.27052277  0.8612188  1.627477  0.9251988  1.1335657  0.51151156  -0.7704513  -0.9187124  -0.98178524  -0.23915887  1.1695111  0.2386036  2.13329  1.3942218  1.8293866  -0.30622613  0.5765189  1.8819113  0.48626602  -0.4444338  -1.0202891  -0.9519578  -1.1165092  0.7161219  -1.0239758  -0.38515988  1.4784594  1.1696126  -0.68157643  0.18428646  1.2765242  1.0272865  0.84300274  0.16515473  -0.009525694  -0.60843116
100 4 1
9
0
-0.9519171  -1.7147274  0.6290258  0.5232029  2.0286784  -0.5380982  0.43355563  0.074596286  -0.49299088  1.5404689  -0.1268245  1.3563815  0.89591414  -1.1524589  -0.13682845  -0.6601331  -0.671951  0.7735505  -0.0154525265  0.07429652  -0.17385632  0.030141957  -0.53122765  0.3722816  0.086365275  1.2498158  0.47985366  -0.85139644  0.547303  0.59826183  -0.17813115  0.72581345  1.2420139  0.9054913  0.062077124  0.6928697  0.5070773  0.80868447  -0.2792906  -0.016621776  -0.46792337  -0.081768736  -0.80081177  0.10776675  -0.3895546  1.2978828  -0.06696977  -0.88574576  0.60681576  0.21961623  0.47574517  -1.1763914  0.6150109  0.019652225  0.22218412  0.87887484  0.8189303  -0.8429316  -0.10909068  -0.026761193  0.90365523  0.3298298  0.005515722  0.55479723  -0.06220624  -0.33029118  -0.17456299  -0.49349156  -0.109083585  -0.08698344  0.7898241  -0.15060404  -0.19384927  0.34353685  -0.2488705  0.36998293  0.12061884  1.4495428  -0.5550499  0.13901661  0.4641064  0.05724158  0.32753858  -0.1130275  -0.40245536  0.5051333  0.5637288  0.6681887  0.24814023  0.0030551553  -0.705484  -0.05280196  0.3273089  -0.29341927  0.23671754  -0.31966662  -0.56070113  -0.14817671  -0.5543668  0.22979565
0
-0.65050787  -1.1388097  0.7249156  0.16757531  2.291535  0.3772194  0.57829916  0.6722165  -0.6700255  1.0334209  -0.71679515  1.7527689  0.9712793  -1.3570293  0.032050557  -0.53792965  -0.33794868  0.65870327  0.4391834  1.0262051  0.5356245  1.0457884  -0.5129993  0.031499207  -0.43705595  0.15650886  0.14974938  -0.29514936  0.3383065  0.1335007  0.15804172  0.044253334  0.54572546  0.001430735  -0.35810974  -0.41514418  -0.22621167  -0.0511523  -0.13661665  -0.057066023  0.37795392  -0.2815933  -0.053003892  0.070111185  -0.58982384  1.4028414  0.4381936  -0.66249526  0.7751019  -0.0059809126  0.41807452  -1.023362  0.78093266  -0.41292763  0.11182184  0.96680087  0.17496794  -0.49238083  0.46407965  -0.34582046  0.29177466  0.047021385  0.09610343  0.24315216  0.48931545  0.15657371  -0.08437757  0.11934286  -0.24448904  -0.13629271  0.4726387  0.16501324  0.032741483  0.12526384  -0.31654683  -0.0773106  -0.24899842  1.593187  -0.61776745  0.04828673  0.036514487  -0.111198336  0.38356882  -0.24416739  -0.04336881  0.034969594  0.5213521  0.03723666  -0.17319709  0.10130029  -0.3430495  0.14328647  0.012275156  -0.21637255  0.08412587  -0.069547966  0.030195355  0.2822517  0.09263515  0.26254058
0
0.42881903  0.28371093  2.207036  1.0001165  2.5920029  -0.8028028  0.1770808  0.69684595  -0.64884615  1.2353741  -0.19887723  1.9728389  1.4129736  -1.1687127  -0.27225518  -1.3173668  0.41790724  1.5522983  1.0913047  1.7354451  0.25073174  0.96717435  0.79967064  0.31351888  1.0395194  0.0535624  0.362206  -0.59941274  -0.04031078  -0.1659956  0.8620753  -0.7642521  0.07054095  0.849262  -0.45076823  -0.9962351  -0.2894757  -0.25031003  0.19535844  -0.7054032  0.5510442  -0.41005856  -0.57459694  -0.27026638  -0.5563052  2.2420218  -0.09824629  -0.70775926  0.11125005  0.27121362  0.33878157  -0.9172963  0.8471361  1.3315002  -0.098469205  1.060331  0.7567129  -0.23996772  0.9571587  0.6145628  -1.2961766  0.926529  0.24391128  0.34940386  -0.6089818  -0.3193987  -0.3025889  0.37231898  0.20797877  0.09397139  0.8057229  0.77538794  0.66208714  0.45791042  1.1295884  -1.7689674  -1.546976  2.1355305  -1.0387568  -0.371392  -0.24031535  -0.03261016  0.40468335  0.07060702  0.16012946  -0.018478995  0.20260401  0.33122194  0.4133751  -0.50672746  -0.43222398  0.2827312  -0.26336923  0.48264548  0.5197277  0.7315333  -0.113128945  0.09480256  0.56235605  -0.26464468
0
-1.1318777  -0.16938357  1.3086592  0.9085205  2.275251  -0.041123524  0.5351009  1.3329809  -0.87895614  0.8319053  -1.2381763  1.869012  1.7440209  -1.104477  0.85444355  -0.773797  0.49674368  0.6887353  0.47819  0.5922196  0.25216496  1.3394737  -0.18048778  -0.31544402  0.71194375  0.51141226  -0.09215783  -0.5207173  -0.23439571  -0.31227413  0.32430106  0.14248434  0.52264374  0.37160322  -0.037210878  -0.64359015  -0.3201275  0.09524517  -0.29799896  -0.21866737  0.6443336  0.06963878  0.34621266  0.13322471  -0.04193762  0.8460669  -0.1862025  -0.90685844  1.000991  -0.4404591  0.26906344  -1.3349668  1.0292897  -0.034353867  0.9175602  1.1677278  0.16593713  -0.651193  0.7480976  0.47928312  -0.5435149  -0.15045585  -0.18185161  0.18127656  0.07875697  0.47377202  0.18468937  -0.6400538  0.070238374  -0.14706853  0.88513756  0.2549582  0.86198294  -0.07882256  0.5881893  -0.38851297  -0.73036844  1.1783298  -1.3325014  0.7951057  -0.46748987  -0.24140467  -0.11736608  -0.061672516  0.5514514  -0.2691048  0.26938307  0.33389106  0.16027807  0.8938555  -0.25904694  0.36486104  -0.5145196  -0.2202092  -0.10396263  -0.42010537  -0.05860914  0.53654456  0.4986007  0.2549167
100 1 6
0  1  7  8  9  10
0
-0.75436014  0.7922992  3.7613676  2.0379937  5.0075445  1.0327888  -0.13422832  1.9870217  -1.4445629  1.0380862  -2.0035186  4.614416  5.0497155  -1.8730571  0.13209824  0.032781724  -0.09499051  0.8235942  1.9369028  1.4461358  1.1010196  2.1742754  -0.8052218  0.02077471  1.2050796  0.8844945  -0.29122233  -1.7410879  0.32910666  -0.6590924  0.8883106  -1.5346218  0.97736293  0.9174515  -1.2295895  -1.156577  -0.58721876  0.491796  -0.51281047  -0.5872464  0.81669414  -0.51403147  0.48688915  -0.26419052  -1.4754586  3.5060086  1.9637916  -2.6429286  0.43007347  -1.531205  1.0092231  -2.5418441  1.8547711  0.9704123  0.5386315  4.0473003  0.46650246  -0.21112499  -1.5028194  0.42304528  1.0572132  2.118042  0.028412681  -0.03143357  -0.1800458  -0.11520347  -0.3531914  0.43019077  -1.6128554  -0.16501848  0.702487  1.237363  0.57013077  -0.48888558  -1.1636423  -0.38666037  -0.40629795  5.030163  -3.7140412  0.30979726  -0.2909432  -0.45153555  0.7361065  -0.660244  -0.101644605  0.26381716  0.75748605  0.031782337  -0.69000846  1.9984094  -0.32845876  2.4246523  0.6776361  -0.041846577  -0.08495537  -0.18032818  -0.106812395  0.6160341  0.5819833  0.55014485
100 3 1
10
0
2.0102606  -8.405617  -0.4373033  8.807979  -3.6368754  -15.947847  4.3106866  -12.661196  11.07471  1.4097648  -7.305061  12.853544  14.86095  -3.4486008  -6.024662  0.19665621  -9.579531  5.888449  -1.5005541  -5.538034  -1.7695602  5.3072557  -6.521286  7.9203525  2.6366398  4.8855433  0.56591225  -3.902473  1.3234459  0.4963405  -0.019114848  8.627215  -4.2780547  3.3867111  1.2508631  2.7952547  1.2497792  1.028696  -11.68162  -5.039768  1.1757044  -0.86835027  2.6135988  -0.15641338  -4.2799535  9.795059  10.03305  -2.9862905  9.879717  2.709199  0.56047064  -3.3749428  12.603954  -10.40404  3.1489713  3.3628519  3.985211  -5.5454564  6.62604  -6.114105  4.1233096  -2.8722093  -5.680187  -2.2020738  -5.34414  6.215542  -1.8613486  -3.4189758  3.5328202  0.74514586  -4.769074  1.1262901  2.332934  2.9259658  -0.37762034  0.111664966  7.5256205  7.4051  0.77018815  1.8883489  3.4811842  -7.3028226  0.996719  1.0682395  5.162104  -3.4847124  2.3140638  3.1521847  -6.726503  -1.4884853  -4.7445674  2.443419  -0.40617383  -4.097762  4.6039853  0.39201954  2.403209  2.66814  1.9397539  -2.2269742
0
-42.142822  -20.654255  -20.10378  -12.252714  48.17173  -2.1822536  33.353264  1.3653226  -15.448941  7.2690473  -27.660336  35.46883  -15.412226  -16.473618  -10.936571  -41.516594  38.340717  9.417363  -1.7468172  3.506222  0.75370675  29.947285  -35.3662  21.380037  -16.577698  11.263989  11.422471  3.3620996  10.595382  -10.800925  -10.70702  30.382542  -3.5301077  2.5008848  -10.475125  -10.360222  0.4019414  -17.970541  -5.2054744  35.89734  -13.4087  -37.315765  -39.749847  9.0863695  -6.763297  11.550156  8.427044  7.1559963  15.855671  1.9206645  -1.2300572  3.0182018  5.568413  -14.502039  -8.626244  10.374133  6.1166124  -12.088139  -4.58226  -3.0979874  12.293812  0.6871116  -9.033639  5.93008  -0.0032772683  11.110961  30.269682  19.228172  21.291927  3.5835178  -10.860292  -5.190284  -4.8506503  -7.28819  18.360762  -2.0590682  21.69672  16.646925  16.704859  -3.181316  13.761924  22.153568  8.155024  -1.1254151  -10.769162  -9.846064  -2.076023  2.653965  -10.735569  -3.2905426  10.249992  7.651562  -6.9046307  -2.2041233  5.6505084  11.9550705  10.280753  -3.9226692  1.9411998  -12.3764515
0
-19.374844  -7.041824  -5.4056406  -4.661166  26.248734  -1.935344  14.994702  3.5453398  -6.8814435  3.2062  -12.5981655  22.239365  -3.2030878  -11.037331  -4.6268024  -18.759539  18.13897  4.940628  0.42750818  3.7249622  1.043159  16.273415  -17.620777  9.355038  -7.174262  4.429553  5.3462696  -0.7963018  4.0756493  -5.0490694  -4.789603  13.023182  -0.71884316  0.73653674  -5.922321  -5.6539407  -0.79548615  -7.5545588  -1.6171432  16.236519  -4.552943  -16.502947  -16.243586  4.2147264  -5.291439  8.01469  4.498721  0.26707563  6.315053  1.2394822  -0.42969266  -3.290639  2.7065628  -4.7561893  -4.3500814  5.6545997  2.7981482  -6.2357793  -2.1356313  -2.051428  6.681746  2.551041  -5.0644565  3.180205  0.45204666  6.4348073  13.120054  9.596825  8.528969  1.5320649  -5.211073  -1.443352  -1.1189877  -2.8139453  7.0609846  -2.0827677  10.638117  8.661919  6.335351  -0.115639925  4.881648  9.613924  3.7638896  -1.3902063  -6.709395  -4.088919  -0.8086379  0.46054578  -5.401538  0.71042293  4.841828  4.3801136  -3.5027077  -0.44295615  3.58663  6.2482877  4.7245436  -0.6454627  0.8927525  -6.2981
100 2 1
11
0
0.07609335  -0.03862522  0.15471599  0.06580824  0.13356677  -0.08394576  0.059749633  0.09706079  0.0743517  0.31945023  -0.23468488  0.35515225  -0.07993658  -0.18332973  0.08348401  -0.02951987  0.024446279  0.3506523  0.083513886  0.26532513  0.030730158  0.06786691  0.20782909  0.1035226  -0.07078641  0.10053907  0.1859824  -0.06945241  -0.1447402  0.05271146  -0.18513165  0.078624785  -0.05885509  0.055857513  0.17084455  0.099447906  0.07535306  0.13487361  0.07164495  -0.08788293  0.09849284  -0.14301458  0.033297002  -0.08967306  -0.011472508  0.5312612  0.0544516  -0.053498194  0.16252628  -0.08229259  0.31710792  -0.73179495  0.10622125  -0.008194923  -0.1054383  0.25867498  -0.12132412  -0.1896089  -0.18985432  -0.16080196  -0.0009862594  -0.038712107  -0.062034607  0.21260704  -0.010282267  -0.0069565177  0.0019727168  -0.074256  -0.0039642565  -0.13499624  0.05667436  0.023152545  -0.20066646  0.1189248  -0.08138757  -0.030000418  -0.20111479  0.31986284  -0.38998663  0.015862022  0.007362347  -0.05376145  -0.17069985  -0.11758225  -0.023096979  0.084001884  -0.14894196  -0.014116092  0.38663813  -0.17906444  0.12722652  -0.02197646  0.049824733  0.053224206  -0.09685205  0.083156794  -0.053690456  0.099146694  -0.10771215  0.019805953
0
-0.03374095  -0.072024286  0.29729503  0.26053888  0.3252309  0.06792508  -0.09989463  0.07570036  -0.09014061  0.19803643  0.08548177  0.30770746  0.4291207  -0.3390269  0.08787637  -0.16532099  -0.060167275  0.20056602  0.10029207  0.23914146  0.16953704  0.4725417  -0.1367319  -0.0054076687  0.13946141  -0.10109667  0.10728856  -0.09846212  -0.012409981  -0.029123327  0.083240926  -0.045993485  -0.0014127716  0.053497758  -0.10760473  0.061160598  0.07301086  -0.020336587  -0.032479577  -0.042942993  0.106273  -0.21115558  -0.0018170588  0.06348164  -0.22813712  0.27503502  0.18119195  -0.19217204  0.061770722  -0.06881324  0.1393742  -0.14929655  0.16060741  0.04542023  0.13392182  0.261347  -0.004786335  -0.111616544  0.09243183  0.05450193  -0.012576535  -0.042777374  0.018631637  0.07699353  0.026625892  0.0155516025  -0.030132059  0.042897925  0.0099663995  -0.028217398  0.18608691  -0.0085233  0.086113036  0.0653945  -0.022692792  -0.0049052043  0.04413501  0.33498728  -0.19858709  0.16382617  0.002111677  -0.00952106  0.041679114  -0.120567344  -0.0036069546  -0.1599928  0.13979901  -0.09912959  0.08539182  -0.07933332  -0.05940581  0.07148263  -0.06681903  -0.06903263  -0.021680228  -0.06752248  -0.03534104  0.08217277  0.12766212  -0.001899913
100 5 1
12
0
1.8463503  -17.61055  3.7459717  -7.2774634  -2.7622335  -5.8140645  -6.827984  0.30229008  11.308833  -3.4310045  0.30376905  7.7916937  1.029338  -7.172318  -4.6013217  4.8487997  0.6855935  -14.018134  -1.4838693  4.830637  5.5485473  7.610904  -10.886299  -3.9641519  5.4578953  -5.5875797  9.534627  -4.009371  -3.771769  4.903231  -4.733228  0.8258254  0.900545  -18.320572  1.0586734  2.5470688  -4.6568036  -3.3420603  -14.0283165  4.502466  4.943659  -2.8554504  -4.452668  8.82586  -2.5455854  5.827238  4.88699  -3.5479836  6.0488014  0.3163003  -0.4248167  -2.8367224  5.504789  -7.8217  -0.18430005  8.229363  -2.8632288  -4.5599527  0.8310531  -4.576335  3.9541163  -3.5508087  6.0599017  0.9874176  -0.7770948  -11.569364  1.9487258  -2.5150752  -8.955625  -5.159473  -1.0896858  4.415209  0.9495566  2.7425053  1.3218899  -4.7740245  3.9041262  3.2802908  -2.2332082  -4.777298  -7.5240593  6.121357  -3.1033316  -1.1591693  -10.694868  2.5131645  -1.8354784  -4.554315  -7.1885576  6.222783  -0.52355146  3.8397913  8.089554  1.129391  7.2480607  1.0582218  2.359791  -4.298028  -6.530649  -1.5796757
0
-0.31607616  -0.39417076  3.7747335  1.0463729  7.7284646  -0.97743535  1.7762128  3.1382241  -1.1067637  2.885975  -3.771361  4.7762566  5.279759  -2.710511  1.1053287  -1.0469875  0.8766705  0.42556688  2.491883  3.6569989  1.4184914  4.334524  -3.3249369  -0.5782523  0.5674435  0.26302534  0.6879754  -3.2901707  -0.19016837  -1.170106  1.5856147  -2.6084173  1.1100146  -0.7595076  -1.6124362  -0.6625238  -0.9500514  -0.6732278  -2.5017855  -2.055735  1.639268  0.48586965  -0.7185146  0.60837495  -2.8533926  7.066143  1.8849987  -4.846293  0.41313222  -1.6727217  2.1672933  -3.9084282  3.023968  -0.45556036  1.0883794  6.1608243  -1.5261678  -0.049387537  0.17831293  -0.28892815  0.20801744  1.353398  1.0210222  1.0546705  1.6543655  -0.78886545  -0.2087655  0.34503886  -2.60338  -0.23284268  1.2763532  0.7546981  0.6767819  -0.6990088  -2.8617961  0.17020455  0.4469997  7.2026186  -3.2028635  0.51324666  -0.6378735  -0.5723887  0.76391816  -0.66424197  0.16233009  0.44086075  0.12615983  0.5050765  0.19666846  3.308896  -2.4882693  1.869634  0.69999796  -0.94107485  2.0710483  0.85006285  -0.0310982  0.581233  0.52580816  -0.34314054
0
-3.5521288  -12.129306  3.1798682  6.9718695  6.8282123  -4.922126  4.802391  -9.25591  -14.627794  2.6941185  -10.849412  1.5904746  0.1379924  -0.8765843  -7.7025404  6.1138706  -1.6786025  8.514381  -0.58401704  -3.5975294  -11.842493  -1.0248859  -2.7500346  -8.366037  -14.467827  12.548266  8.559754  -0.4327896  7.4251914  2.2516053  -7.179695  0.5577418  10.826661  1.2167262  -5.295094  12.448666  5.836408  2.9445496  7.08794  5.50385  3.908443  8.265989  -6.220601  -1.4229198  1.5007596  7.6729755  4.5410614  -4.06871  0.2765866  3.0299966  -10.082693  -9.921996  6.871957  -6.178027  -1.4050808  -0.24186406  4.8470473  -4.8126125  -1.0429219  -5.4392204  4.5815187  -7.539824  -2.3610406  -5.259746  -2.660401  -8.251604  -3.5336592  -7.1446257  -1.0918628  -2.6990144  -0.16557083  0.34788403  -4.976678  2.0000856  2.2101927  -2.9765317  6.976714  6.2376065  0.21592622  -2.2538922  -1.1080856  1.7422861  0.33629867  -0.10389173  -2.1669352  -1.9361429  2.8614182  2.7010028  -3.978624  -6.674769  -3.580583  5.902522  -1.8339971  -0.15766765  1.7519212  -3.5006998  0.17707491  1.5319915  -1.811672  2.136046
0
2.2870917  -8.48632  0.6016718  -0.7483934  -3.8383684  -6.2118373  -5.314114  -4.1365976  5.724578  0.539276  -1.9583166  4.35293  5.2193494  -0.5030637  -0.2096602  -0.06651153  -0.598195  -9.661473  -3.431141  1.070223  0.53741264  8.674604  -5.5304255  -1.555913  6.892141  -3.8378677  8.41858  -6.762045  -2.0644433  2.16792  -2.5049453  -1.5285146  8.522062  -11.148792  1.5740477  1.3071147  -2.2244198  1.6909806  -12.864333  0.31326303  5.9639554  -7.9726343  -1.9577801  -0.9336385  -2.5680594  5.9349465  6.084284  -3.5908523  -0.0070178704  1.4685311  1.7992765  -0.8989293  4.579743  -1.0702643  -3.7422767  7.161168  -0.7195729  -2.7208986  -2.3610225  -2.8492846  5.346697  2.2402248  3.8647227  -2.134241  -3.3379238  -6.055732  6.2984138  0.9337824  -8.475221  -1.6267427  -1.029887  6.723993  -1.4691961  1.1411115  -3.4080129  -4.2975893  3.8767328  2.4621108  -2.4460578  -2.9540744  -3.4439092  5.2275186  -1.385711  3.9337184  -8.399659  -2.3328266  0.82949656  -0.69894016  -6.0198474  9.64641  0.43973875  6.1277857  4.6769037  3.307801  3.1764047  3.3324008  5.072775  -4.338994  -3.4466054  -5.4393477
0
-3.3051496  7.5981517  -0.67809653  -1.8539308  3.9627361  -1.7104063  0.43692592  5.873191  -0.7790859  7.431934  -0.5891437  7.4660196  3.3778446  4.837016  0.44330594  -0.3935853  2.6317837  0.23925902  0.8441077  1.5926478  4.3988495  3.584792  -0.12362973  -0.76213914  -0.6879394  -0.5528119  -4.4041114  -4.2627754  0.7830083  -0.48326555  2.4617121  -0.38396025  2.440968  0.4698783  -2.2633688  -2.7119167  -4.034948  0.6361701  1.0588713  -0.07905215  4.360025  2.6960201  4.1199465  1.966667  -3.8893402  0.93336576  -5.2034807  -3.1694012  -0.46282178  -1.8189064  -3.2331157  -11.964799  2.8506277  -4.2012687  2.5151231  2.4137814  0.4169194  -5.9283414  3.0414045  1.1169605  -0.04133298  0.27945074  1.5087954  -1.3327361  1.6231382  -2.534118  2.7605312  1.4617531  -2.4450538  -1.5041741  3.3524683  -0.9742811  1.5019695  -2.7023532  -1.1119126  -3.4531338  -2.0225518  5.988935  -3.7346854  1.2828242  1.5455284  0.17131853  2.1210663  -1.2842371  1.7286632  1.6342366  0.23846328  2.6302104  -1.774812  0.17839657  -1.4579377  5.004169  -2.134535  -2.9142303  -3.132985  2.616913  -0.8346183  0.88146174  -0.6672918  1.5901774
