10 9 100
100 2 1
0
0
0.58755857  0.39298028  4.7652774  -0.62072676  6.72134  1.1948754  0.8236724  4.0254846  -3.0129015  2.9642184  1.7389418  6.907142  5.723985  -8.28248  -0.21354099  -0.7396041  -0.3666659  4.935341  0.4801659  2.7684774  0.35841662  4.6886487  -0.817567  -0.9880408  1.1520747  2.814937  1.052659  -1.7441485  3.1142397  -1.9743533  1.7180053  0.26755595  1.3471043  1.6613159  -0.2740933  -0.19383866  -1.0806971  0.70710224  -3.6138518  -2.126063  1.8657917  -1.6570213  1.7829387  -0.9074522  -2.1442523  4.792532  -0.6098847  -1.6268849  0.6268661  -0.86589617  1.7984518  -2.3445837  4.121369  -0.66754043  1.0878972  3.2383144  4.1068125  -4.2564335  -1.0670546  -0.24179366  1.1499997  -2.807299  1.0758001  4.993008  1.8576019  1.6244887  -0.72478664  2.6838777  -1.7878412  -0.21030052  5.332869  2.734184  0.035839032  1.8559004  -2.2826297  -1.5912416  -1.2702703  3.9281604  -4.7877297  -2.0530348  -0.8212966  0.09686816  -0.31343308  -0.040138483  1.5923618  -1.0028538  6.3418274  2.135012  3.8370194  -0.19703645  -1.2539462  4.2712865  -0.74518764  0.25169858  -0.27560395  -1.0734318  1.0407104  2.0510788  -0.19129823  2.461736
0
-2.065305  -2.3557398  4.391747  0.20762648  6.28332  0.7451629  -1.4538875  2.3751204  -2.7697055  1.1916734  -0.13457467  5.7187133  4.3593326  -3.5679667  1.0976112  -0.055997413  2.3867798  1.3639454  4.022586  1.1648333  2.1197007  3.201763  0.7458338  -0.46652824  0.094412886  0.41927043  -1.3539647  1.5118687  -0.18647654  0.9336618  0.26007834  -1.4299507  -1.3616538  -0.07233819  -1.9370553  -2.2606487  0.11849156  -1.0776466  -1.6426008  0.7192534  -0.27172035  -0.34643793  0.28638208  -2.8139684  -1.7033917  1.5172507  0.8840852  -5.512587  -1.3348801  2.9483132  0.7876311  -1.6993297  4.519401  -1.6020439  2.2321417  3.645297  1.0404948  -0.38354072  -0.29149428  -0.124988966  -0.15176554  0.53748876  0.016537195  0.67513704  1.3351135  0.5909179  -2.8187444  0.9051139  -2.6148448  -0.15821427  0.17217742  1.0860773  0.040545557  0.5288488  2.5322118  0.91084397  -1.5301851  5.1743402  -2.7547848  3.585044  1.0933353  -1.427495  -3.5284486  0.5212916  1.1227348  -1.1050302  -0.22033468  -2.5899725  0.33818385  0.18299976  -0.9446209  1.5024146  -0.57858187  -0.19806881  -2.589156  -0.6675741  -0.9188807  -0.6280321  2.64079  0.41265148
100 5 1
1
0
-2.4996266  -2.0239809  3.5588837  1.447777  8.342369  1.7457383  1.3808289  3.2535996  -2.6667001  3.1661284  -2.346765  6.60171  4.683992  -3.6673117  0.269799  -2.8601172  2.162568  3.606929  2.6066456  2.8367615  1.4310876  4.538143  -2.274537  0.20461757  0.28719577  1.0488608  0.462271  -1.0241954  0.58704615  -0.76893735  1.2496116  -0.020127948  0.52451354  0.0012939703  -1.3013958  -0.8465948  -0.15192322  -0.3090841  -0.49779117  0.116081685  1.0059806  -2.5212593  -0.3265433  0.3268466  -0.88128006  3.9077733  0.9203604  -2.1058555  0.9959207  -1.253271  1.51513  -3.4891815  3.002672  -0.09060889  0.5922482  3.203615  -0.07415997  -0.6268457  0.029593175  0.30817786  0.43643567  0.66735286  -0.361035  1.4592527  0.069526926  0.56407887  0.51423156  1.1315998  -0.33543563  0.15090643  1.3456515  0.8678802  0.078283176  0.7670048  0.49155542  -0.28864387  -1.2053474  5.8649125  -2.8916428  -0.19447696  0.31186238  -0.0069649555  0.5906853  -0.7909178  -0.10209112  0.048446104  0.4770993  0.40011007  0.33728653  0.2890968  -0.04561469  -0.12336053  -0.3636923  0.00083271274  0.553771  0.22997344  -0.17558983  0.3366767  0.4495642  0.6661664
0
-1.1598616  -1.4710432  3.3289564  0.6336393  3.070184  0.20745815  0.27827138  2.634897  -3.0993097  4.612447  0.62154716  2.844245  4.3558364  -3.1355987  2.0694637  -2.58989  1.0253562  2.8976178  2.1840885  2.0988815  0.6931002  3.0060651  -1.7039015  -1.3655894  1.1374202  0.8563714  -0.44114056  0.39778847  -1.260975  -0.60105  1.7576293  -1.2132479  2.3386366  -0.561471  -1.0596383  0.56454647  -0.27179918  -1.7999539  0.066250935  -0.9533444  2.0185838  -1.3286049  0.27992788  2.7832642  0.65280896  1.6973716  -1.4272367  -0.4414602  4.692206  -0.7443639  2.9668808  -5.482501  1.7602074  -1.4251665  -1.6290896  0.5230411  0.9868385  0.9518156  -0.17135371  0.05756584  -1.1608208  -0.047402795  -1.7363391  0.58621436  -0.29201785  0.5864589  -1.6803819  -1.3690691  -0.32630044  0.5621448  2.644593  -1.6321946  1.7760303  1.6015921  -1.6128707  1.4154773  -1.5839338  3.8057516  -2.8983471  0.3337881  0.018548891  0.34786615  0.11451311  0.053755023  1.3420851  0.0076424694  3.5774038  -3.5740469  1.2310327  -0.24311626  0.25397003  -2.0283623  0.35539934  -1.8911943  -0.58261204  0.765544  0.38284576  0.54472834  -0.2507841  -0.32897466
0
10.997286  -5.4119215  3.1012003  6.0744247  11.648731  -3.43254  0.6034862  8.491599  -4.002731  5.231307  1.2742703  8.4669695  13.657661  -10.730769  2.1703684  -7.9981503  -0.7077283  1.3860912  -0.1918659  12.223065  0.26015735  10.2525425  -4.1869326  8.046023  -7.774039  3.058547  3.0334241  -1.996005  1.0421983  2.26497  4.0097966  -6.9243126  4.482788  4.960184  -1.8574681  5.7930417  -5.1771674  2.7811737  7.2238574  -4.6594195  8.594705  -0.78675014  -2.3921115  0.81253666  -7.435354  -10.368056  12.794266  -8.879093  11.90366  2.6532037  8.9659  -3.684491  13.692179  -3.3186283  7.1462483  -2.634354  2.0763907  -3.895754  -4.7946587  3.7457464  -11.394804  -5.079857  -12.104145  0.89862776  -6.7692504  -3.69422  -0.75254583  3.8772116  0.2583271  -0.41903326  5.985051  -5.3060546  1.3555297  8.083582  -6.0184555  2.503857  8.138399  21.57036  -5.6640396  -9.267235  3.8959644  5.262878  0.7774558  4.082754  1.6699463  -9.890937  4.158879  8.862242  -8.5482645  -8.0490265  -5.911323  8.328337  3.5391026  -1.5441973  -4.3489347  1.2227215  -0.1452947  -1.3946364  -5.255856  6.102127
0
-86.116325  -57.88296  20.781696  2.2359068  80.62982  8.789186  1.0142317  9.963386  -29.933283  48.17455  -15.808316  54.37732  12.235117  -29.9273  -1.3350989  -55.199978  22.65222  0.2950425  -6.6561904  -3.9988008  -12.438957  -8.069561  -7.281106  23.18582  -11.924526  22.489285  42.34592  -17.722523  24.641735  39.505455  -1.324739  67.47834  27.768644  0.04385265  -22.508009  -11.347357  -0.54449356  32.46018  -0.6307428  38.662834  -3.053762  -12.9719095  -9.708436  9.827834  -6.9749675  0.05966383  19.734072  11.347736  35.811024  11.315746  7.556288  10.841875  -2.4403555  -34.052086  -26.722729  2.2490697  5.5567107  -4.347714  4.26178  -5.764894  31.849998  -3.7360637  -7.033641  -9.650736  -7.4206715  7.4915304  14.836438  2.2904172  -18.798658  7.250615  -4.511369  1.5531062  -12.084942  5.2624106  14.389022  2.8654501  48.070957  -10.258957  33.332855  -5.317221  11.9123955  8.574577  -7.0189548  8.99529  -36.339184  -2.9462261  -7.043474  30.205717  -10.461153  1.8785946  5.353555  5.071146  2.4259367  6.122255  38.0799  5.098352  1.2174898  -1.1911161  -3.350973  22.60844
0
-1.2111242  -2.0516577  3.82986  1.2758183  6.0798087  1.6498594  0.08836292  2.4077556  -2.6649637  3.1349344  -0.4407137  4.805716  4.8613214  -3.6891453  0.33743533  -1.1066874  0.8897745  2.5947564  2.2053046  2.9265769  1.5343182  3.5758011  -0.95006233  -0.2659946  1.5277076  0.4626334  -0.5166085  -0.89931554  -0.110310934  0.10386572  2.358239  -1.3571782  0.48455963  0.34260657  -1.1815377  0.00543347  -0.10122177  -0.37772912  -0.3512744  -1.5662117  1.1316271  -0.26264897  1.0083071  -0.3656673  -1.1323429  3.1634014  0.20375544  -2.1754286  0.10755479  -1.3995456  0.95236295  -3.9432085  3.0326192  0.52800405  1.294345  2.647488  0.1139676  0.13377722  -0.14779066  -0.18765858  0.01335275  0.4543292  0.052038096  0.89401776  -0.13061419  0.31020522  -0.72644407  0.12693875  -1.1321466  -0.22618392  0.30477065  0.6316642  -0.22060668  1.0037177  -0.19061181  0.3926283  -0.9698905  4.8657856  -2.9571407  0.7811604  -0.22085738  -0.7499736  -0.3440176  -1.258419  0.4121221  -0.02196588  0.31843212  -0.022902194  1.1700702  -0.13312922  0.6241604  -0.9516414  -0.2655234  -0.14709017  0.28618446  0.704356  -0.04004298  0.7395457  0.3547809  0.3150066
100 2 1
2
0
-30.996399  -14.636212  -15.302074  -9.18064  36.480827  -2.2712781  24.861155  1.4235384  -11.359856  5.412575  -21.38823  26.570395  -10.341551  -12.0985155  -8.2931795  -31.777542  28.862627  7.4703813  -0.8327977  2.9192162  1.121577  23.117199  -26.87039  15.759689  -12.162796  7.9858785  8.564578  1.9004505  7.1973996  -8.455721  -8.222412  22.517025  -2.78247  1.710794  -7.835327  -7.839157  0.03677598  -13.519484  -3.80765  26.901152  -9.527112  -27.87759  -29.508024  6.374783  -5.392261  9.027284  6.2037706  4.562134  11.253244  0.12666374  -0.93304044  1.9789807  4.3205037  -10.18424  -6.000052  7.8599663  4.373405  -8.84686  -3.5733058  -1.932926  9.349812  0.8840049  -5.775548  4.056214  0.49131504  8.543687  23.329592  14.47595  16.292114  3.1230035  -8.122115  -3.307564  -3.8032439  -5.045144  13.127333  -0.50490105  15.584614  13.563116  12.007764  -2.0508173  10.439211  16.572062  6.613428  -1.0170577  -7.460397  -7.559056  -2.0486405  1.9751095  -7.970236  -2.7623272  7.1961064  5.569142  -5.2547503  -1.9180744  4.020083  9.002398  7.725654  -3.0187657  1.1151043  -8.90654
0
-78.04069  -40.00403  6.071957  -16.88931  39.04832  0.8488862  20.867825  35.145588  -36.740963  9.220307  34.482708  20.433538  -2.0492628  -27.090216  -33.77258  -8.466538  4.0322104  43.630013  18.677887  3.040854  -24.61983  1.0225824  -13.569813  -8.01389  -11.25795  14.420281  15.222006  15.259367  23.813171  18.189398  -2.6231544  32.55498  23.536983  -17.656689  -29.634106  -19.76673  13.040202  8.471449  -20.052711  15.996814  3.4833245  -1.3572873  7.1647167  -10.82164  1.6357883  15.943847  21.955902  13.120169  17.087772  13.3012085  -4.9963713  13.167596  7.9229145  -29.986141  -17.909536  1.3608974  4.1298714  -1.9446878  8.306678  -9.469154  1.4096643  -6.662652  -6.6456428  -9.2978325  -10.972788  -10.297675  8.899791  17.130001  -4.609227  -24.77268  -11.422435  7.5936165  -8.18712  1.0699611  -4.0614533  8.023132  15.151442  5.5007052  10.041627  -10.022912  -16.1795  -10.686886  23.28059  3.1218264  -27.101934  -22.61155  1.8740088  6.804163  -4.969908  4.5528517  0.23353475  8.669137  -15.133904  -4.302013  11.48132  -9.852856  -11.378134  -10.607187  6.3768215  -0.181797
100 1 2
0  3
0
0.27414945  -0.010836297  2.2467184  1.1937733  4.5915008  -0.013498425  0.4142215  1.9013835  -1.1015497  1.9783331  -1.2869511  3.666594  2.7914042  -2.1219702  -0.10566739  -0.39299986  0.48961887  1.5620217  1.911849  1.6237195  0.8067808  1.8356681  -0.56999993  0.19974154  0.6678098  1.1823635  0.2407205  -1.5890449  0.21436442  -0.35995066  0.84238344  -0.45244992  0.8502167  0.0957577  -0.11963972  -0.8374146  -0.3356444  0.684909  -0.09737121  -0.20284273  1.0935636  -0.119477995  0.029610187  -0.3923878  -0.93548495  2.9329662  0.98959875  -1.8573828  1.1932831  -0.5358645  1.1082599  -1.7957244  1.3570895  0.1380341  1.1559086  3.078132  -0.5132032  -0.21843883  0.07943432  -0.00925547  -0.28046328  0.71655005  -0.74855614  1.1359348  0.13570748  0.24708107  -0.10383731  -0.30630648  -0.64645123  0.235941  1.6536659  0.7155819  0.60742646  -0.40880337  -0.0586172  -1.2250106  -0.36929905  3.196806  -1.7005087  0.71185505  -0.23344043  -0.070591986  0.18556999  -0.75278604  0.20676176  0.18786086  0.95940936  -0.25235805  0.30593473  0.16581637  -0.46234918  0.16961141  -0.18526837  -0.4350591  0.6910942  -0.2053425  0.4224232  0.8337409  0.3450423  -0.0929537
100 15 1
4
0
0.3858499  -0.3452486  0.9434107  0.35024253  1.6184713  0.3459155  -0.03287527  0.44055402  -0.41313002  0.17665485  -0.5177166  1.6998767  1.2130384  -0.6308395  0.20721781  -0.05910158  0.21950229  0.5050327  0.6249346  0.8296164  0.40301883  0.7986517  0.08181808  0.10705183  0.2633951  -0.032385387  0.28470117  -0.19576402  0.19869795  -0.40288955  0.58233374  -0.49696904  0.090801746  0.06747142  -0.40367594  -0.07985258  0.26722893  0.21013395  0.11735615  -0.24140707  -0.021808675  -0.17853342  0.07847229  -0.08695255  -0.48333395  0.9811238  0.37664825  -0.61937547  0.3130492  -0.23409806  0.53917694  -0.41630238  0.7174142  0.29431215  0.84324497  0.6426842  0.019770768  0.019973014  -0.2099016  0.043388143  0.08737928  -0.05790599  -0.3971614  -0.111662924  -0.25090438  -0.17116842  -0.5000034  0.17067546  -0.54543495  0.21415521  0.31720346  0.14360097  0.027750993  -0.077394895  -0.1418473  -0.19699013  -0.1406046  1.1139622  -0.88692456  -0.2818674  -0.12695003  -0.16352557  0.1753018  -0.2152274  -0.068438664  0.4084173  0.5624467  -0.033170775  0.26955166  0.115423694  -0.0031323393  0.54228055  0.18122299  0.04680152  -0.048773773  -0.1040423  0.0003917031  0.45879948  0.08219883  -0.023360018
0
-2.528423  -1.9516956  2.0458963  2.0740228  4.1654787  -0.42872763  2.437962  -0.23768318  -0.92183024  2.5923276  -0.85964555  2.237905  1.3435819  -2.610963  -0.74341613  -1.2300367  -0.006791086  0.89692014  0.659516  0.8770334  -0.63385737  0.8878175  -1.8826898  0.715986  -0.96934325  2.7119784  1.1524302  -0.63158506  0.42825073  1.330563  0.22406615  1.8750018  0.57373375  0.3950026  -0.8468199  0.35680285  0.42047405  0.7822473  -0.05443734  1.2323523  0.30054706  -0.6914004  -0.6735384  0.70991  -0.069577664  1.1842386  0.80824  -0.8183985  1.7125891  -0.012130227  -0.46121117  -1.0597229  0.7787305  -1.0388349  -0.30559817  1.6540209  0.76263344  -1.5010083  0.047776014  -1.1371336  0.8464724  -0.53208965  0.2000688  0.16948329  -0.84711194  0.033831514  0.32343632  0.13241927  -0.34653163  -0.074736826  0.6312118  0.24224788  0.3621395  0.58522433  -0.39415583  0.2663078  1.1478299  1.2744869  -1.1546289  0.11053908  0.09059037  -0.24752226  0.07134664  -0.97531676  0.07041294  -0.50361556  1.0625713  -0.3255763  -0.11330663  -0.060413852  -0.6480685  0.38321903  0.24907428  -0.53860813  1.1479914  0.19762142  -0.038852856  0.038163006  -0.41678634  0.42431417
0
-10.658144  -5.1384373  -5.444364  -3.3423839  12.350615  -0.6318232  8.655128  0.2963003  -3.8030016  1.7994673  -7.221162  9.074488  -4.015553  -4.120594  -2.6845076  -10.820642  10.025129  2.467186  -0.43012032  0.8558944  0.27177817  7.8566313  -9.203911  5.381262  -4.2097754  2.863932  2.8855386  0.9494974  2.6013072  -2.873041  -2.8668342  7.805896  -0.94323343  0.5967727  -2.6896653  -2.6318355  0.19200519  -4.7289324  -1.3047456  9.3498955  -3.4503562  -9.72855  -10.313901  2.3462894  -1.7019866  2.971502  2.0372958  1.8560737  4.037362  0.4458405  -0.27074805  0.7994194  1.4425358  -3.5795908  -2.1739454  2.6540225  1.5400616  -3.0627291  -1.2522157  -0.71612406  3.2232587  0.20864096  -2.2161252  1.5250293  0.050587364  2.91218  7.9480267  5.0742583  5.6106367  1.0164679  -2.9281318  -1.3317612  -1.203096  -1.8309822  4.7190785  -0.52290404  5.5952554  4.3032393  4.365639  -0.7738296  3.5732758  5.667519  2.1006055  -0.30043936  -2.770328  -2.62779  -0.5427622  0.67653006  -2.6654718  -0.84348464  2.6281338  1.9604832  -1.7936049  -0.6134539  1.3791957  3.0446754  2.6160579  -1.0553122  0.43732148  -3.1738951
0
-0.5327939  -0.17004497  0.6893192  0.43138152  2.168298  0.39842477  0.41494063  0.65193605  -0.6668076  0.47276324  -0.7023372  1.7103225  0.88078785  -0.84723264  -0.043652996  -0.5423456  0.39745784  0.7267969  0.34198567  0.7446591  0.3592535  1.127661  -0.3668399  0.39232352  0.13410626  0.14433412  0.19505431  -0.368537  0.17060113  -0.21724983  0.2089912  0.003720075  0.081741095  0.029670227  -0.34666362  -0.26834622  -0.097874515  0.04380029  -0.19702578  0.03725765  0.21055868  -0.56194574  -0.40928274  -0.052858822  -0.36248946  1.2672396  0.47899213  -0.5997277  0.12477231  -0.44885647  0.27948615  -0.76288676  0.96227306  0.2039337  0.47668314  0.97834426  0.10743278  -0.25842547  -0.1193947  0.09251029  0.24841894  -0.16486403  -0.16048865  0.26754802  -0.069570124  0.110619254  0.12195835  0.28282586  0.1055967  0.029144011  0.34344435  0.12554693  0.2524281  0.034314957  0.113165304  -0.55630577  0.18098183  1.5008348  -0.70723844  0.060658053  -0.07123007  -0.055955138  0.05275299  -0.26015154  0.1521897  0.15368718  0.25781953  -0.09150556  0.17457996  -0.0524148  -0.1261088  0.60418135  -0.097037055  -0.05764514  -0.024343908  0.1354776  0.09953141  0.2589963  0.06461423  -0.1412544
0
0.5957978  0.24280319  1.5092739  0.80372036  1.4770188  0.15944093  0.4953612  0.5878968  -0.70409095  0.77328813  -0.19920018  1.4140716  0.89173895  -0.6827983  0.48883745  -0.852605  0.35063082  1.062459  0.2429884  1.0883039  0.36817327  1.4245994  -0.3212413  0.0119423345  0.22782867  0.017324857  0.5825922  -0.67697865  -0.6762085  0.3803302  0.007880636  -0.17628193  0.1825812  0.45867664  -0.23196712  0.19464338  -0.09661655  0.021268075  -0.2951849  -0.6905903  0.75068206  -0.37499788  0.04019166  -0.24630594  0.170768  1.3948576  0.75695896  -1.2797954  -0.2816958  0.11710131  -1.0402837  -2.224214  2.0885613  0.22475815  0.88053423  -0.16307683  -0.12828296  -0.985035  -0.3025258  -0.32835844  -0.35127792  -1.0125477  -0.105371445  0.073313296  0.10837365  -0.34758174  -0.34601337  -0.10177806  0.11595375  -0.07108278  1.063973  0.08069917  -0.006275299  -0.44839826  -0.26960003  -0.42968607  -1.3480095  2.0028586  -1.0527034  -0.21860859  -0.5012833  0.15489425  0.351856  0.23407134  0.47569498  0.1475645  1.1605991  0.8242408  0.77902734  -0.5881523  -0.7577479  0.43071806  -0.5405423  0.13116264  -0.35181636  -0.22791876  0.16354954  0.063995555  -0.18311895  0.38885242
0
2.1587577  0.94497406  2.866072  0.4770267  2.1930184  -0.0011209967  0.8471278  0.15054  -0.19071138  0.58398753  0.28172368  1.3955952  1.8214995  -1.452652  -0.841888  -1.2696157  -0.03300763  -0.116491616  1.5438832  0.54417115  -1.9159646  -0.20573367  -0.2789906  -0.38873914  1.8819629  -2.052827  0.8996278  0.2685225  0.8491471  0.16654795  -0.14258069  0.2165359  0.12381971  -0.22758159  0.083194226  -0.74809456  0.9893308  0.9455558  0.13182841  0.22842653  0.7552263  -0.8720811  0.46675634  -0.78605646  0.25012177  0.46128327  0.8084352  -1.4483888  -0.4539977  -0.70518005  -0.079365596  -1.5878518  2.5710392  -0.4398713  -0.3135703  0.7220266  -1.572361  -0.26163262  0.5683077  0.27685317  -0.2128243  0.9652776  -0.7927289  0.10579958  0.68252397  0.0943604  -0.06411907  -0.49360433  -1.6947945  -0.15093006  0.1933671  -0.43617034  0.24122651  0.5945082  1.2954218  -0.8889285  -0.84389573  1.7389784  -1.2753198  -0.94200975  -0.058412246  0.4063035  0.8114915  0.16485356  0.011972736  0.30846363  0.6897405  -1.2704405  0.7452391  -0.06351032  0.36986136  -0.66507334  -0.6084723  -0.37672454  -0.65328383  0.051788077  -1.3795868  1.7367235  -0.54740405  0.7386509
0
-1.0700662  -3.273728  0.9813751  -2.4179454  1.1694431  -2.90371  0.98371804  -3.02633  -2.2420354  0.7452016  -2.0715168  0.65068746  -1.2878863  -1.1568317  -0.28463784  2.3376243  1.0409309  1.9176688  -1.0976415  -0.91376925  -1.1155003  -0.5077238  -0.6661702  -0.40933105  -0.2816326  1.9187249  2.0823278  0.59215873  -1.7526062  -1.1671792  -1.1724131  1.5024817  2.5022116  -0.58645916  -0.40243965  0.9337496  0.49578488  -0.41510808  0.47869685  -0.307673  0.650788  2.3111057  -0.4604984  -2.1382754  -0.054967597  1.1273619  0.9682919  -2.4209385  0.31860483  0.11748216  -1.0994108  -0.54380035  -0.46607807  -0.29940438  -0.08369824  1.2412208  0.41617665  -0.117693454  -0.5534369  -1.0345006  1.2200023  0.13179974  -0.07809056  -0.9538001  0.6927932  -0.83150876  -0.94752944  -1.7757919  -0.79341125  -1.1365721  -0.58641887  -0.22460052  0.23245904  0.6200772  -0.40746248  -0.8748456  1.1590157  2.4427516  0.39896125  -0.2958957  -0.24007845  0.31589857  0.9993494  -0.51356155  -0.705672  0.3407255  -0.15179765  1.069439  -1.8931814  -0.8512288  -0.49960253  0.25738025  -0.11325451  -0.9068546  -0.091815844  0.29180703  0.4930905  -1.321122  1.2483256  -0.041114494
0
-29.673428  -15.640924  12.144098  16.449718  20.175158  -0.5981013  20.04511  -7.9436574  -1.3044727  14.838045  -1.8847053  4.477343  2.3741295  -11.572436  -8.978722  -1.5731736  -3.1913695  -0.94092005  2.6812024  3.1913435  -8.635673  -2.996319  -10.756632  6.986421  -9.783998  18.261261  4.620222  -3.1313565  0.45641458  13.580139  -3.6409602  10.09548  1.1386214  -0.34591442  -6.919679  1.4815923  3.1355374  6.7130013  1.4063766  11.857567  1.1617402  -2.6243665  -3.6876159  7.8391237  4.23443  -2.4895427  5.4276276  0.29559666  11.616061  1.8316318  -8.8952265  -0.8881376  -0.4938903  -12.25942  -8.441449  1.5377316  6.2698903  -7.0927134  -1.2984918  -9.230152  4.326582  -13.130557  2.8381464  -5.9349866  -6.5296164  2.5996354  3.6959684  -4.370771  -2.1655767  2.4391043  3.8076599  6.7772045  -0.933226  3.4103007  -6.329724  4.0369368  15.104697  -3.089016  -6.436065  0.670334  0.61855966  0.17802489  -1.8608074  -7.086883  0.31753582  -2.755847  2.5844705  -3.3652904  0.78073406  -1.4258912  -2.2806146  2.4244037  0.90956795  -1.1963067  7.3509274  0.77381945  -1.2788184  -1.5185295  -3.948493  5.8555593
0
-6.7807293  -3.180463  -3.1060982  -1.9605206  8.571461  -0.2201826  5.608789  0.40628508  -2.6156921  1.3020973  -4.735797  6.371251  -2.0628288  -2.8741767  -1.6474911  -6.978416  6.418244  1.852136  -0.100464955  0.8890229  0.28948706  5.379524  -6.03578  3.4572313  -2.616549  1.8366895  1.8465452  0.4595195  1.6634262  -1.9266145  -1.7027527  4.871961  -0.5067412  0.4194868  -1.855342  -1.8333195  0.020601552  -2.944082  -0.78344214  5.8749933  -2.024183  -6.3657727  -6.5707784  1.5088218  -1.2833842  2.1957114  1.4287308  0.9227641  2.6000936  0.15530673  -0.061496917  0.1791182  1.2441795  -2.2200243  -1.2092803  2.0598433  0.9707204  -1.891095  -0.8027296  -0.37140644  2.012266  0.23960678  -1.5145911  1.1581492  -0.02946859  1.8825892  4.980819  3.305458  3.4601762  0.6897237  -1.7657102  -0.76794404  -0.6649741  -1.1667167  3.0850976  -0.4266264  3.4626033  3.4027505  2.4156294  -0.39911968  2.2872283  3.5828686  1.3508061  -0.34369868  -1.7248261  -1.6379704  -0.20384559  0.36585912  -1.6391183  -0.37271434  1.5427756  1.5540416  -1.1626621  -0.47554484  0.90755683  1.9687787  1.5873003  -0.5704823  0.2938782  -2.0885231
0
-7.3874617  -3.5719302  -3.2477572  -2.2664878  9.50522  -0.44421047  6.4271765  0.34735665  -2.675306  1.4690293  -5.11334  6.7698336  -2.4267154  -3.5606706  -2.0729265  -7.983649  7.2935185  1.8082166  0.08846423  0.8633158  -0.23781317  5.629667  -6.6739225  3.7963996  -2.6013532  1.5340898  2.274425  0.75921804  2.0115037  -2.0424216  -2.180193  5.844901  -0.6080942  0.26981962  -2.0103855  -2.0433095  0.18538503  -3.0436492  -0.86228436  6.7809463  -2.3058932  -7.2818103  -7.224118  1.592304  -1.2515246  2.0432389  1.5435566  0.9134703  2.7648237  0.14956135  -0.25046706  0.30424243  1.6015166  -2.7602918  -1.6189471  2.3116472  0.9105092  -2.2749333  -0.7139241  -0.40614337  2.219477  0.4781586  -1.8478847  1.1194656  0.23445348  2.085172  5.7565074  3.483835  3.7052002  0.728662  -1.9799317  -1.0358185  -0.85033107  -1.2400944  3.7212343  -0.57771087  3.812056  3.524146  2.7867694  -0.7313764  2.582015  4.099434  1.7237993  -0.118796356  -1.9926031  -1.888461  -0.25335562  0.23203793  -1.806658  -0.5548929  1.8849287  1.3341184  -1.4871701  -0.52034014  1.0784091  2.188997  1.5056008  -0.40376526  0.13441953  -2.1964896
0
-7.9779267  -4.5830116  -3.6262186  -3.0924547  9.227092  -1.2860924  6.4857826  -0.6029271  -3.3274999  1.5480467  -5.7539907  6.6278462  -3.1688843  -3.293584  -2.017331  -7.1129823  7.501403  2.3321555  -0.57853913  0.38186818  -0.17782211  5.5411353  -6.7622504  3.7742054  -3.1182122  2.5338264  2.6690295  0.86106014  1.3474184  -2.381659  -2.37371  6.0021462  0.014815569  0.27862635  -2.0871692  -1.676144  0.3459058  -3.5615752  -0.8337875  6.675957  -2.3396568  -6.410772  -7.5436435  1.1057618  -1.220654  2.4634602  1.7407047  0.67972183  3.0444415  0.3486318  -0.5032149  0.43054402  0.9134686  -2.6423  -1.5201974  2.2801204  1.2368057  -2.2491765  -1.0813043  -0.79016554  2.6333396  0.17747338  -1.6227819  0.7848875  0.19888197  1.9035774  5.3839345  3.1507878  3.7815616  0.40527293  -2.2945297  -1.0123181  -0.7937751  -1.1470777  3.2937677  -0.6016062  4.308538  3.7355978  3.2666512  -0.648919  2.5303125  4.175601  1.8323716  -0.38472307  -2.2361467  -1.8610911  -0.45851266  0.81550854  -2.410683  -0.8004304  1.7127473  1.46598  -1.344381  -0.69820786  1.0145761  2.2452533  2.0061605  -1.0898367  0.6973694  -2.318954
0
-8.427079  -4.0779314  -4.0014863  -2.4907532  10.156452  -0.4386241  7.0162406  0.34093684  -3.1865604  1.5522552  -5.7959285  7.6184883  -2.9937162  -3.4638975  -2.0284688  -8.827877  8.088395  2.1659875  -0.3181263  0.95113164  0.21946959  6.556397  -7.4219484  4.2420053  -3.2607014  2.2570877  2.4049356  0.6711528  1.9583498  -2.2165442  -2.2298107  6.1813984  -0.65193677  0.50323516  -2.2101412  -2.085615  0.12156163  -3.7824302  -1.0930669  7.3899326  -2.5741262  -7.807132  -8.195439  1.8402753  -1.4367591  2.654556  1.7615696  1.2119507  3.1838956  0.34358314  -0.4165284  0.15935439  1.5040653  -2.8311968  -1.5029963  2.0845473  1.1949027  -2.684189  -1.033263  -0.6158782  2.5447798  -0.053799555  -1.7610801  1.1750935  0.07401628  2.2458515  6.2894645  4.014671  4.4588623  0.7868654  -2.1046126  -1.0488322  -0.98871654  -1.5229886  3.7203941  -0.5701875  4.273504  3.848423  3.3000412  -0.62048084  2.794865  4.4981165  1.7440943  -0.17811987  -2.174501  -2.0526993  -0.18543422  0.55128884  -1.9935249  -0.8160476  1.9842826  1.678115  -1.5059059  -0.44262025  1.086338  2.3983624  2.0898793  -0.8087465  0.36016932  -2.505126
0
-10.257721  -4.9434  -5.15794  -3.1873271  11.943863  -0.602707  8.328087  0.3228944  -3.6174793  1.754341  -6.918571  8.71278  -3.798143  -4.079912  -2.577045  -10.381176  9.652687  2.3865895  -0.36320832  0.87685037  0.22061318  7.5449004  -8.83597  5.1613107  -4.0004344  2.683797  2.7866697  0.9223973  2.4962094  -2.7586803  -2.7847404  7.560213  -0.88771677  0.52986896  -2.613029  -2.5349286  0.14276715  -4.46792  -1.2330872  8.979765  -3.2938154  -9.385963  -9.857546  2.2644324  -1.6578299  2.7915397  1.9353207  1.7177703  3.8524287  0.40897846  -0.27484787  0.7650787  1.4322641  -3.4751163  -2.0874977  2.646831  1.5009503  -2.949454  -1.1693201  -0.66512954  3.0711052  0.2592568  -2.169887  1.4653733  0.07830857  2.786049  7.645852  4.8404536  5.367861  0.9835598  -2.7770905  -1.2799927  -1.1635509  -1.7651095  4.5682898  -0.5207168  5.3446646  4.1791043  4.1402125  -0.7489531  3.4370477  5.4235606  2.0434453  -0.26370025  -2.6595016  -2.5395713  -0.5131188  0.63417816  -2.5629911  -0.78750956  2.4986658  1.8938578  -1.7551651  -0.5945155  1.3925933  2.9187233  2.4591699  -0.98959184  0.38833997  -3.0590782
0
-10.274856  -5.057002  -5.1944966  -3.3258226  11.885747  -0.705291  8.365799  0.21114923  -3.7274594  1.746662  -7.0187836  8.699423  -3.9053664  -4.004136  -2.5829434  -10.282387  9.66511  2.4550736  -0.4470202  0.78615654  0.22173806  7.5433774  -8.869805  5.116144  -4.050696  2.800247  2.844444  0.8980648  2.4400697  -2.8250782  -2.7823594  7.536939  -0.8378404  0.5737344  -2.6364832  -2.471583  0.2230225  -4.5533104  -1.2115748  8.9909935  -3.291673  -9.29572  -9.918253  2.1869183  -1.6276343  2.9125948  1.9922063  1.6996728  3.8847215  0.44151825  -0.3115499  0.7508055  1.356381  -3.45262  -2.0873275  2.5890074  1.4784735  -2.943173  -1.2109444  -0.7350956  3.1343453  0.2034725  -2.1301317  1.4370428  0.06784676  2.7685263  7.5866203  4.7978425  5.348889  0.9398024  -2.823484  -1.2645003  -1.1452441  -1.7315621  4.521617  -0.5407315  5.394178  4.23173  4.2195415  -0.74879557  3.4310954  5.4663415  2.0634472  -0.29301426  -2.696001  -2.5130386  -0.54158366  0.6867506  -2.6360536  -0.8227892  2.5037162  1.8779176  -1.730303  -0.63936085  1.3116477  2.9214294  2.511027  -1.034657  0.45541117  -3.0620966
0
-10.257275  -4.8886166  -5.175767  -3.1698623  11.942837  -0.59820753  8.323555  0.34098858  -3.6907356  1.730537  -6.9413366  8.79741  -3.828138  -3.9715874  -2.5755215  -10.403209  9.665333  2.4222918  -0.40129578  0.85243434  0.24317035  7.5501223  -8.842876  5.1784887  -4.0270925  2.7277553  2.7839105  0.9004603  2.4875553  -2.752662  -2.7503333  7.4905915  -0.88372505  0.56758237  -2.6047504  -2.5453446  0.16229624  -4.534521  -1.256448  8.971129  -3.2768075  -9.328582  -9.898404  2.2470975  -1.6373137  2.9370055  1.9810891  1.7471573  3.8644712  0.4162092  -0.296391  0.6629344  1.4225203  -3.4482584  -2.030529  2.5376637  1.4545099  -2.9603138  -1.221261  -0.6994881  3.105551  0.16116819  -2.095554  1.453397  0.06458941  2.801161  7.6222787  4.8759956  5.354941  0.9751796  -2.7796412  -1.2749946  -1.1566544  -1.7640088  4.516945  -0.57070005  5.3748655  4.200078  4.161586  -0.72877294  3.42954  5.4411864  2.026557  -0.2766347  -2.6583285  -2.514937  -0.46111104  0.64916974  -2.567104  -0.7909832  2.523879  1.9281647  -1.7558677  -0.5589335  1.3521957  2.9357376  2.506716  -0.99524224  0.43371472  -3.054423
100 1 1
5
0
-2.079197  -0.25047743  3.5782552  0.28082904  5.141675  1.9049251  0.47883445  2.3460228  -1.0121778  2.6636906  -0.9727989  5.157555  5.4245934  -4.3081274  1.6954985  -0.39707738  0.20220725  3.7349744  2.867182  3.0677547  2.031965  2.7304363  -0.77358055  -0.07014261  0.57256514  0.8746349  0.7617474  -3.5741081  -0.76780754  0.51962894  1.8210357  -0.93870294  0.7991498  1.8954569  -0.5458753  -0.14037856  -1.6477405  0.102921054  -0.1868751  -2.1592767  1.2568133  -0.04419092  0.69195515  0.016025007  0.17680703  2.837802  1.8529987  -2.308039  0.27108857  -2.3902886  0.60696757  -3.506578  1.9835134  0.38562045  -0.06262517  2.650657  1.3809155  0.54763407  0.22459756  0.05647801  -1.2894237  0.13329287  0.9630218  1.935158  -1.2712916  1.1999602  -0.25044054  0.83848715  -2.0719535  0.6489886  1.2927406  0.28945088  1.1095378  0.1866835  0.29601064  -1.522074  -1.6815698  4.8969355  -2.2751863  2.0106359  0.1656789  0.6127358  0.10946927  -1.5816435  1.6946675  0.564558  -0.43730584  0.6456659  -1.2667342  1.9358943  -1.7823242  -0.5935256  0.04582056  -2.1600578  -0.39649624  0.10016822  0.07251469  1.5543987  -0.11409664  1.2846552
100 4 1
6
0
0.88165647  -0.024204135  4.5114894  2.4652517  7.6957517  1.1195526  1.5286281  2.8941112  -2.738749  3.4225886  -1.4709741  6.2300773  4.914945  -4.125299  0.16471162  -1.661879  0.19010846  3.17314  2.2820554  2.3708696  1.3100488  4.055909  -1.2833672  0.005454777  0.95042706  0.78126615  0.47945747  -1.485585  0.3345745  -0.61662066  1.7945082  -0.55228865  0.76097757  0.35692343  -1.075336  -0.8985651  -0.17472672  0.015954882  -0.9533326  -1.5095718  1.2724371  -0.73906034  -0.19416341  0.062093638  -1.9492468  4.1369877  1.86633  -3.479669  1.0468072  -1.545078  1.5677613  -4.0738173  2.3896358  1.093537  1.9211116  3.7954206  -0.12025462  -0.4943554  0.23827021  0.28498575  0.078560226  1.4993651  0.26422217  2.1277301  -0.6953036  -0.39034578  -0.56770855  0.40183952  -0.9780944  0.26033327  1.5933111  0.20694484  1.4215958  0.31462067  -0.60168415  -1.0789654  -0.99352074  6.363802  -3.6624699  0.79711795  0.041287918  -0.42965943  0.57718486  -1.7108412  0.4656931  0.40956816  1.084518  -0.3734848  0.2149576  -0.020891294  -0.96698487  1.3565698  0.77984893  -0.36163634  -0.13897637  -0.19248645  -0.27895743  0.7433509  0.36908552  0.57923716
0
0.53274775  -1.202074  2.1880445  -2.9350712  4.304109  -6.9670353  1.3091707  -1.5038608  1.0936997  0.92193717  -2.2003636  4.220615  4.8979726  -6.336271  3.328254  -0.33124188  -1.7961246  3.4213426  0.3917341  -1.3494767  2.1171644  2.0647008  -3.0792332  0.5682775  2.3438883  -0.5904919  5.7522593  -3.1982255  -1.023262  1.4607875  1.8431356  -0.8419346  2.6126368  1.9243051  0.4403567  -0.30244508  -0.12924206  0.28784448  -4.333979  -0.050606564  5.4313774  1.3037051  -1.2609459  -1.691623  -4.272331  5.6842504  3.4144359  -0.4979636  2.612997  -2.0537403  0.8985736  -1.0718901  8.861572  0.58856165  0.79135406  2.921189  3.1525543  -3.9854553e-05  0.35964873  -1.0850413  -0.7079307  -3.330304  1.943889  1.6567732  1.2848027  -1.8047831  1.8917639  -4.8251657  -2.8363512  0.73815405  0.82446814  2.0165155  3.0702596  2.2005115  1.6611662  -1.2015609  2.7408445  6.1811733  -2.4775624  1.2519414  3.4693608  -5.0735364  -1.7711291  -2.934058  -1.5739654  0.2683642  -0.5771847  0.1805078  0.95224214  3.6611469  -3.1063337  5.655981  -0.59402406  0.4358617  -1.145316  0.33183953  0.21526767  1.1274896  1.509669  -1.8599242
0
-16.056252  -17.628668  -13.809584  -5.4744706  13.90209  -17.148382  3.766017  -23.336155  -18.836233  19.32514  0.46092862  13.211603  4.2714124  -7.521299  -10.397114  1.1011852  -20.030842  9.883461  -8.2237215  -4.7332273  -15.104479  -12.775133  -8.569571  17.59518  -9.148939  23.803278  18.313028  -20.44487  9.653847  10.415811  -11.6823225  21.495193  18.07173  6.2329288  -5.63003  9.2308035  3.669769  9.5706625  -8.316467  -9.341326  -8.031664  14.492919  -12.151711  0.9125351  -2.938445  8.238176  4.375748  -2.5608559  9.33838  1.1217703  2.7561405  -5.618892  5.946776  -12.359077  -4.1897244  7.795289  3.5093305  -15.10563  3.3696582  -10.612617  3.8678703  3.372048  -3.6287086  2.3924115  -2.6202848  -17.850512  -13.37003  7.887829  -8.475338  -0.8160596  -4.619025  -0.7111029  -5.988404  3.7874694  4.606295  -0.20571905  10.595044  13.399593  -4.166204  0.21614145  2.9827137  4.7676573  -1.5586644  8.135546  -13.613605  1.9849569  6.6823516  5.02947  -2.512105  -2.2572258  -7.67479  5.0024333  5.170584  -13.586234  0.07851871  -12.145718  -24.574614  -4.65846  -8.513599  -9.110387
0
-2.9554007  -1.8866357  3.6934988  2.247864  8.0406065  1.8450179  1.0825677  3.1978092  -2.6325388  3.5956707  -1.5364505  6.599401  5.277379  -4.046069  0.24356943  -1.6248567  0.45913848  2.8219335  2.3953254  2.9771123  1.2383616  4.648906  -0.6284201  -0.37419766  1.3310854  1.0778414  -0.2040873  -1.3917898  -0.13962622  -1.2720084  2.4067063  -0.50365424  0.49187246  0.69704324  -1.296343  -0.5570155  -0.34658673  -0.7077943  -0.37860563  -1.0311064  1.1201433  -0.13457525  0.11087633  0.13036889  -1.2451026  3.8219523  1.63815  -2.6592176  0.8810746  -2.233907  1.1718127  -4.4985547  3.5883915  0.7502619  1.2762592  3.0222068  0.08441919  -0.6914302  0.08652635  0.7783722  0.26465422  0.9368845  -0.046282858  1.4792894  -0.28709143  0.001552074  -0.8875121  0.36166  -0.13657628  -0.4152794  0.7328367  0.048368655  1.1858293  1.1480712  0.07525659  -0.7077177  -1.5421345  5.833472  -3.7165823  0.47298527  -0.13920856  -0.60384643  0.47841465  -1.6305223  0.59283465  0.6345288  0.7786622  0.19092189  0.5536119  -0.01552535  0.24576725  0.6310134  0.18474758  -1.1634138  -0.2914513  0.09699888  -0.23294619  0.6518003  0.15414277  -0.14232682
100 1 1
7
0
-0.03467342  -0.29331428  3.9926689  0.38572773  5.095133  0.74399984  0.87025225  1.7364123  -2.102601  1.2808042  -0.5906417  4.5386844  3.8604088  -1.9327927  0.20579302  -0.36330175  0.027111195  1.8147241  1.7911708  1.7992398  0.8259013  3.2312803  -0.6561446  -0.32936287  1.0353185  1.6335196  -0.012537222  -1.728104  0.8030657  -0.46109504  1.0552425  -0.9799097  1.3017642  1.2142692  -1.064229  -0.11044539  -0.39190197  0.5801549  -0.38730434  -0.84450597  0.7820825  -0.9878109  0.4830939  -0.63807595  -0.8908415  3.154958  0.31371674  -1.4985838  -0.13169768  -2.2827337  1.403295  -2.0219312  3.4046867  -0.22864632  3.197371  2.8964167  0.14430252  -0.48692337  0.46610674  0.19464748  -0.47335383  -0.12446496  -0.46787032  1.8483154  0.3467861  -0.50717425  -0.754732  0.5229168  -0.61491823  -1.1571175  1.139146  0.7877937  1.3215872  0.40068418  0.15926996  0.2225093  -1.6151893  3.7031863  -4.5312095  1.4675916  -0.7191453  -0.7684143  -0.024954516  -0.9228225  0.3711413  0.35179296  1.5299909  -0.9633005  0.38554874  1.3204985  -2.411728  2.2945716  -0.9063115  -0.06752207  -0.5457394  0.39439747  0.04570999  1.0940089  0.113304175  -0.013452815
100 1 1
8
0
-0.4354983  -0.96081656  0.6758603  0.49004808  2.8187306  -0.6883228  1.0402383  0.64421237  -0.07796805  1.6000162  -0.12172758  2.138649  1.7542428  -1.5744251  -0.27925834  -0.61011827  -0.91478807  0.5004848  0.77926725  0.17927203  0.0032605734  0.884067  -0.7508539  0.51775324  -0.8840121  0.784819  0.5982808  -0.74599576  0.5123707  -0.065080464  0.4362874  0.3068383  0.48443642  0.49877864  0.2018233  0.27456987  -0.10379593  0.5041251  -0.26692054  0.03938563  0.36474034  0.4453798  -0.14797623  -0.5172341  -0.8135183  2.1546164  0.7431369  -1.4568908  0.8894718  -0.07532861  0.5467383  -1.0115758  1.1010896  0.04754109  0.5489902  1.6356696  -0.31714648  -0.26820815  0.59480405  -0.38617852  0.27423224  0.14137967  -0.08199679  0.9522037  -0.2635099  -0.16056716  -0.44281688  0.0057619587  -0.6766342  0.021380758  0.24168074  -0.07491836  0.028688466  -0.3681189  0.033415288  0.048177674  0.08955903  2.592161  -0.90099776  -0.122068994  -0.0032822825  -0.38275194  0.03235039  -0.46745223  0.5290141  0.049734432  0.75400096  -0.08035539  0.13946158  0.18427253  -0.6061945  0.7484302  0.17656709  -0.42853642  0.5656172  0.18583733  0.43459547  0.2621505  0.020727124  0.13480274
100 2 1
3
0
-208.8368  -141.80382  70.191124  13.099862  92.1287  -21.914223  26.651371  79.877495  -9.725186  36.563072  48.17571  54.67794  44.501904  -44.445774  -77.0289  -33.826862  -4.860559  9.853992  -14.046744  5.3700967  21.518133  -25.403215  -7.8157935  11.174209  11.618963  38.18398  28.892912  -71.34221  17.780197  6.6651454  11.445682  95.03041  42.026905  1.9725794  -76.64338  -35.74944  34.303078  -29.23569  14.977241  33.420185  -16.664764  24.433311  -22.750921  70.15753  -17.8634  -5.1993065  23.607876  11.571694  31.451942  9.249456  -2.3532767  19.743856  1.7490832  -21.22172  -26.353075  -0.56240904  20.56559  6.3131666  8.992471  -26.23216  44.236767  9.641992  -28.658627  -12.055903  -22.934324  3.4765718  -28.790476  24.24215  -50.981525  4.9887466  8.794817  38.76003  -34.113827  4.0827217  5.3039565  12.639737  48.776722  -27.898212  44.59916  10.747155  -28.502707  -63.88509  -39.59565  6.9801702  21.906084  -17.261778  5.5717425  38.225166  -8.202741  -34.16536  -8.520511  11.91416  -20.211014  7.8404436  9.489051  -16.062452  -9.940111  -22.130014  46.098698  43.133198
0
1.0125315  -1.5319266  4.8031697  0.6456815  7.342426  0.25321835  1.5617815  2.6408975  -3.0502794  4.8772492  -0.9396158  5.0500045  4.5907583  -6.1197834  0.24019036  -2.8295496  0.15027311  3.4077353  1.8013405  1.0366219  1.5332386  4.196483  -1.0674394  -0.7250922  0.27280718  1.8254222  0.9641054  -1.9955125  0.18492065  -0.92037845  2.293571  -0.53576934  1.1966971  1.6553276  -0.25469905  0.84402  -1.3606465  -0.5016169  -1.0303075  -2.61978  0.6646828  -0.5163106  0.11254391  -0.6722909  -0.7267873  4.526012  2.2647233  -3.417753  1.3519047  -2.140475  0.1311261  -4.1561046  2.3554335  1.628701  2.0524771  4.0228434  2.0332468  -0.37992334  -0.92026097  0.5119011  0.6700436  1.6461775  1.5168957  2.599388  -1.1346585  -0.7007947  -0.9407523  0.20904125  -1.4628325  1.0296042  1.193537  -0.37053737  1.1686434  0.8602935  -0.2076388  0.41948545  -3.1183307  7.0022106  -4.1275287  2.627818  -0.24253437  -0.38324606  0.24107759  -0.80792993  1.3734686  0.113444775  1.8493329  0.12288951  1.195099  -0.043878008  -1.4333191  -0.25424162  1.6312969  -0.46517605  0.2729232  0.119312644  -0.97044927  1.586984  -0.21296251  0.7385182
