10 9 100
100 12 1
0
0
-51.82531  -90.6164  -4.7147083  -47.525017  75.3502  76.230934  -44.114193  -27.696217  -10.613356  22.27102  28.239674  36.05386  6.886104  -11.848537  22.938364  28.600271  38.289513  4.229706  -6.044162  33.83179  16.977291  23.95002  -23.386894  6.9261994  13.295651  28.817709  -10.860382  2.311399  -59.82285  61.93857  -1.2982246  2.4721699  -34.265274  -32.549656  -23.902271  0.7951259  -8.773484  -0.041104857  -15.490817  41.70151  14.053701  -9.154227  13.029412  37.289177  -21.508581  17.976654  25.892445  -4.2809277  6.851972  19.507853  -14.16731  16.859055  10.537372  -60.957745  -31.784628  25.975847  2.8509638  -27.174564  -6.0850625  -27.081684  -2.2085056  -20.938356  -12.094403  -20.420385  33.65556  9.528979  -22.636791  0.1456976  -3.6200097  -2.3960822  31.418798  0.39039546  -37.99035  25.28896  52.383415  16.687971  19.315332  -10.69679  32.260128  -0.18698461  -16.434294  35.916103  8.184968  -9.82975  6.803226  -18.015162  -8.701325  21.023678  -26.563274  41.574715  29.38151  44.57845  19.462008  73.09086  76.232155  -5.8152666  7.130634  -11.508657  -10.77423  -2.905758
0
-1.4299136  0.03948483  2.4911966  2.67072  10.831648  1.6649104  2.6794963  5.3585267  -2.0958734  1.9968388  -2.073338  9.865266  4.319908  -3.3692117  -2.0154092  -0.18301073  2.2585912  3.5356524  2.0512967  5.02137  1.7349762  3.7718983  0.3247444  1.9523919  -0.23822364  1.9993844  -0.44666895  -2.6841755  0.5406278  -0.44203237  1.6066134  0.7669718  -0.7939376  -0.10728752  -0.664624  -1.5372603  -0.5966354  0.53873914  0.2683421  -0.16108158  1.3174834  -0.6841095  -0.26421905  -0.13773578  -1.8643279  7.2489924  3.2469952  -5.507531  0.055455755  -1.6711348  0.46999732  -7.8728023  5.1674304  1.1226424  5.2113624  4.532678  -1.9269532  -2.9369733  0.31915617  -0.35156944  2.171127  0.21952349  -0.2890351  1.7414896  0.67775536  0.93586355  1.5518658  -0.3718636  1.085707  -0.874945  0.73986065  -0.026378574  2.6665034  0.29390687  1.1760929  -1.8741684  0.053279057  7.774317  -3.575284  1.2830108  0.26583815  -0.56062806  -0.45976526  -1.618769  0.86506045  -0.37622204  0.5677946  -0.032128103  -0.2941368  -0.638833  -0.8349177  4.0838437  0.90368  -2.296128  -0.27243617  0.15868405  1.0894729  0.7138385  0.1250337  -0.45687634
0
-0.12618953  -0.4138374  3.8247223  2.502968  8.410532  1.9101241  0.49513128  4.203803  -1.773469  1.4784614  -1.3009698  5.8926625  4.3532023  -3.1542659  -1.2468593  -0.22208984  1.2345313  2.6932516  2.7066896  3.5878334  0.7675755  4.086732  1.5563978  1.2526113  0.040968787  1.8993934  0.39175686  -0.89983845  0.049447153  -0.27449846  2.9276204  -0.27218673  -0.24544458  -0.9249565  -0.10053796  -1.5576744  -0.05934065  0.75972825  -0.34706366  -0.8989829  2.1787822  -0.10967307  0.0025397763  -0.57090896  -1.0716974  5.1597075  3.1338873  -4.790564  -0.3681625  -2.3875113  2.6385646  -6.423081  4.5876994  0.9809203  4.566243  2.3521874  -3.0322676  -2.7194886  0.8153004  -0.5736919  2.0902603  1.9453503  -1.8331223  1.4918044  -0.4838544  0.46325585  1.0621082  -0.8942717  0.5142655  -0.8538999  1.209709  -0.11139218  2.8803818  1.6473172  0.5335894  -0.5962655  -1.037783  5.150603  -2.966457  0.2756662  0.19194621  -0.85676914  -0.640576  -1.5607014  0.95699847  0.07271671  0.4510931  -0.4651778  0.4990047  -1.7474432  -0.03587679  2.5790527  0.20467535  -1.5004284  -1.141949  -0.47375053  0.36815274  1.1084442  -0.052072115  -1.2176112
0
7.1711965  -4.583721  5.8103976  4.557498  7.0562267  -2.282378  4.6793694  1.0153785  -2.5963655  7.65881  -1.3058702  6.108113  0.7952798  -4.021793  -0.38786066  -5.442046  -2.9935477  6.309778  3.9588633  5.4899893  -1.4962432  8.378006  -4.58232  2.8339508  0.800008  1.7436123  3.7074442  -1.3542035  -1.1728756  2.1677454  1.9421686  4.854807  2.1938934  0.47675702  -1.6819466  -0.3767154  1.8835169  -2.9842947  -1.6336459  -3.0831645  2.828441  -4.2037134  -2.9126332  0.9447279  -3.3563802  4.2759  -0.7476896  -1.9462745  3.5473843  -2.6352015  2.3258703  -6.121865  4.5529766  -1.5300182  1.5959864  1.1961377  1.6614748  -3.2916281  3.8593488  -1.567443  -0.2168022  4.5038056  -2.2358012  0.5925263  -2.4590812  -0.08955592  -6.5577955  0.35680687  -0.42801037  -1.7160772  1.4636544  -3.8202136  2.5930457  2.7982543  -0.7875031  -0.9370838  -1.9413365  10.829465  -4.4341984  -1.7650198  1.522978  3.214472  -0.3915039  -2.5396214  0.3357362  0.5330704  3.7643018  -1.6722206  0.9726022  -2.4093857  -1.11796  -0.66436887  2.7250702  -1.2726034  -3.1278062  -1.5879401  0.1566413  1.1063404  -1.6516172  0.49749708
0
0.95527637  0.44959524  3.1465418  2.8363862  8.816546  1.4892533  1.4274944  4.808628  -1.2970139  1.845844  -0.8609495  8.070833  4.555894  -2.953692  -1.3780949  0.5138366  0.79351556  3.1807559  1.8612773  4.2579412  1.3496478  2.7307036  1.2388755  1.423068  -0.12076603  1.7761569  -0.7275804  -2.9099612  0.23351875  0.051527895  1.8292332  0.25089842  -0.46897054  -0.31616896  -0.6866411  -1.1667267  -0.5690701  0.99310243  0.6411481  -1.1197549  2.2865465  0.34421712  1.0359775  -0.26608622  -1.6848699  6.3106537  2.7648785  -5.546666  -0.3183305  -1.8685486  0.93391883  -7.970577  5.1307454  1.029399  5.4920955  3.983881  -2.1301079  -3.092554  0.21736087  -1.0075166  1.7207681  0.6083629  -0.67692274  1.6476239  0.45607758  0.5431242  0.6932283  -0.8961063  0.37040982  -1.0674658  1.1264114  -0.043532677  2.6723182  0.926471  0.05352272  -1.1308571  -0.7420843  6.819364  -3.660098  1.2739978  -0.53681415  -0.7578237  -0.49103597  -1.6727015  1.252374  -0.15173842  0.5503164  0.12294119  -0.17199136  -0.6526629  -1.1894563  3.4286258  1.0040413  -1.7365205  -0.7339017  0.08352351  0.81821454  1.0202085  -0.00039253756  -0.5890833
0
3.9259243  -6.525708  -7.809257  -7.659161  0.46300057  -10.703115  1.1306474  -13.966341  8.600372  5.8548455  7.1927176  1.8625982  1.987541  -2.384337  -4.3920245  -3.2260587  -11.006192  -1.3366469  -3.8340335  3.4677742  -12.847422  5.3631773  -12.464588  -1.1226188  9.170149  1.540149  -11.559575  -5.884183  -7.397317  0.106219895  -2.358611  8.97474  -2.3561096  0.55642194  -4.1973815  4.651304  -4.391189  2.0856352  -6.0682335  -10.052078  1.7530528  0.09932835  2.92724  -0.66062856  -2.914858  5.593821  6.388033  -6.551757  2.859616  0.34536314  3.6799257  -2.1318438  5.810913  -1.7887957  1.787412  5.075117  -3.5299602  -0.20297126  3.675769  -2.7084348  3.0249124  -0.098768055  0.5420229  -1.464487  -2.828709  -7.6000333  -9.52142  -0.08479038  -3.3925347  1.8823146  0.592113  -0.098973334  -0.44814068  1.0304259  2.6288264  -0.8732797  9.430502  7.2265143  0.5747861  1.4506428  -4.880285  2.0446212  1.8787415  -3.1707363  8.211902  7.491919  2.3457074  -1.2725127  -2.4631736  5.01154  -1.5251746  7.874822  -1.0989081  -6.371403  3.6225731  -7.343088  5.939277  -2.4660819  -6.172275  -1.9325854
0
-2.2131703  3.0279143  -1.5203557  -0.9045498  1.5302061  -3.5362659  -0.040847473  -0.33442965  -1.5076667  4.5045333  -2.6279442  2.8228366  1.6040837  -2.8195143  0.06365252  -0.29118454  1.3187333  0.5528603  1.455589  2.8292115  1.1879328  1.5441785  -0.76518464  -0.61478245  0.19178402  0.0969308  -2.1576056  0.34959906  -0.026762914  -1.4945147  0.22647086  -1.719319  0.50551873  0.68190104  -0.34903392  -0.10647869  0.40549654  -0.34769073  -0.8274658  -0.7342955  1.425032  -0.22315195  1.7570283  1.0771698  -0.14766099  2.486858  -0.6465358  1.4954449  1.8313048  -0.4484566  -0.5198392  -4.6088176  -0.027839653  -1.2522177  -0.5401976  4.4072623  0.84335804  -1.3294138  5.539421  1.317418  -0.97223556  -0.8321152  2.2874672  4.201503  0.15525982  -1.8278121  0.8827929  0.4371285  -0.82847613  -0.4698313  2.1058211  -0.7908468  0.8238869  2.7819564  -0.068251446  -2.6473372  -1.121109  0.7799287  -4.181879  2.694605  0.739032  -0.38290915  0.79206383  -0.046706572  1.1659514  0.36927485  -1.212449  0.54857785  0.4561492  2.9071572  -1.1860716  -0.8199467  -1.6822304  3.2038908  -2.037909  -0.78896296  0.65284365  3.4319336  -0.60757804  -0.8230628
0
-19.533272  -7.3687177  0.4894592  5.3541794  -1.6589788  6.4535613  9.308329  -6.533479  -1.094051  1.7674454  -0.8076315  10.927198  5.14007  2.500169  3.6674972  5.123333  -6.3846226  -0.80812025  -2.7941313  -2.12406  3.9361727  1.794347  1.3662945  -2.6961346  1.26009  3.1607208  -2.2295375  4.8433776  -1.2380912  -6.289754  0.4669875  -14.071538  -1.6072868  3.2659295  2.6542904  1.1795152  -8.284093  -1.3585721  3.3400993  -7.638467  0.08005717  -4.970378  -1.509317  -4.7124577  9.695943  -1.6335496  2.016172  0.5573512  -1.6265036  -9.220282  1.7799164  -1.3609041  3.6065528  7.6463246  -5.506186  -6.4028735  -0.9369074  -6.3272924  1.5887489  2.1636512  3.3332582  -0.59085894  2.7668698  12.764102  2.4987144  -5.995953  -2.1218083  -8.197357  6.5530305  -0.8094312  5.438663  2.7572892  2.0585768  -2.5729492  0.044900313  -5.372255  -6.928014  3.186886  -9.18645  -1.1870434  -2.3652716  2.2514827  -3.3213193  -1.4339565  0.07199206  -0.37843978  1.1057626  -0.39229763  -0.7635637  8.557665  6.5252776  -6.240144  -6.221198  -11.269441  -5.81392  -5.4895535  2.8819544  8.050822  -1.6601353  3.711702
0
5.2013535  -5.395061  2.4307246  11.92827  1.7056347  -3.847355  1.6804448  -6.205094  0.33795023  -6.84166  6.707157  7.0238557  -1.025999  3.2192876  -7.4050303  -4.8522425  -4.693396  2.3034546  1.351949  -0.24290419  -5.3108253  9.174928  -8.957617  -5.5131607  6.7278852  4.6200805  -12.12167  0.45688686  -0.22720698  -5.6825767  0.13986526  8.585551  5.6125636  -0.9246708  -8.015632  5.718184  -2.573059  -1.369047  -3.5385675  0.4024856  9.861024  2.4085684  -3.1117694  -3.3609407  -1.2384784  14.541338  -5.663733  4.0029945  9.224072  7.624766  1.4600785  -4.9543667  -4.868652  -0.9869706  -4.6695185  -0.05939489  3.3444824  8.355514  6.6315184  -6.8037004  5.8994327  -0.116774395  1.9357792  -10.62396  2.2124045  0.7646973  -10.819305  -4.6674886  -2.895244  -6.865229  1.634637  -8.698178  -3.1708498  3.970523  -7.9634194  0.21046987  10.856465  7.740033  -6.588139  -1.7527368  -3.6153982  0.0065957066  7.2996645  -5.2341456  -1.1197699  0.6337108  -0.56502223  6.7232165  -7.103525  -6.107365  -2.711112  10.187426  -4.675027  3.1201859  3.4509368  -5.9370646  3.272246  5.749656  -3.362232  -2.3442752
0
-80.943275  -34.38265  5.6073875  -5.8677125  64.099785  35.609116  33.998707  11.975844  -20.963228  17.32146  -28.401659  36.768578  19.1354  -10.216612  23.379574  -27.162865  -11.436474  12.127987  -12.452863  18.136358  -8.515458  1.8523844  -35.877213  21.187244  -6.132419  19.13338  5.673971  35.799934  12.013868  1.2541307  -1.127514  33.79769  2.7323241  5.1200485  0.034546934  1.525356  -2.423733  0.25358847  5.036123  39.309547  4.576597  -23.56647  -18.961205  4.3166656  0.8912447  6.725641  6.880118  -1.1212097  23.937832  1.7129824  -3.3567884  3.9488447  -2.9700856  -26.881601  -12.921172  -0.23574463  -1.6961168  -6.337815  -1.1562434  -4.360725  6.2142015  -20.65393  -0.74071735  -5.9720855  5.174728  -0.048226297  18.29446  20.236761  -2.417578  -13.4673815  -0.83139074  37.63599  -0.039609995  14.512617  -1.1926557  -15.494635  17.114475  -6.7647367  12.580032  -6.0957584  9.441478  8.320967  -13.656643  -0.479406  -1.3241465  -9.277007  -3.8283572  -2.0658362  -17.069414  4.036525  -11.56397  -3.1711326  -21.43857  1.2278551  17.420855  7.806497  1.6603116  -9.510688  -2.9030929  14.257192
0
2.6436098  -9.068118  4.04918  6.519379  -2.4200537  8.253849  -9.392682  -4.908975  0.26560992  0.7869606  -5.0452557  -0.6152393  4.2770214  -8.920285  -10.8435545  -2.1777632  -4.460891  0.71720326  -6.130933  4.5116477  -3.14548  5.779539  -1.5162594  1.7453346  3.9763403  0.4975386  -2.3512127  0.6019891  3.6869066  -0.7131652  3.1149168  1.120566  -5.2486434  4.09591  -0.63202375  -2.4274445  2.5100446  -7.972774  0.9333726  -1.2106013  0.6060303  -3.4185822  -4.8950853  0.82834953  -3.0265749  6.6146007  -4.106326  1.4375914  8.913613  1.9690008  -0.57939833  1.9942752  5.5720944  -4.4146276  -1.6839175  7.46852  3.4467762  -2.5551646  2.350219  -1.9557244  4.9712706  -0.404167  1.8409603  0.3817796  0.43116876  0.7884921  -3.0805345  2.2320886  -4.2058163  -4.768915  -3.5579033  -2.232743  1.0187861  -2.331052  0.9269253  -4.6350045  -0.6507475  4.5128136  2.8913436  5.935093  -0.19643939  7.88312  -6.51517  -0.38296655  3.0280275  2.263952  -1.2689674  3.57079  -4.4331126  4.680105  5.8584695  6.12146  4.0686374  -3.0523853  2.9908102  2.4861794  0.5694249  4.0090785  -0.05174737  3.9013448
0
-1.9428939  2.1580226  2.4390075  -0.099342495  6.1206665  -2.8247352  0.31918994  2.7488167  -1.773366  3.180331  -1.9769914  2.6532803  6.7596464  -0.63817686  0.88665617  -1.3451706  0.39818797  2.6097145  1.8086879  2.3204777  0.9190603  2.0188189  -0.90302074  -0.15978172  0.83503556  0.47556168  -1.571262  -1.7074822  -1.013744  -1.498314  1.282632  -2.8070211  0.36122197  -0.057882424  -1.276183  0.16762358  -0.038222186  -0.49254912  -0.6240541  -1.3759128  1.5798606  0.2563882  0.30522227  1.3662262  -1.7921337  3.5865545  -0.16793355  -1.2988849  2.0319438  -1.4583913  0.32091948  -3.832358  -1.1389562  -1.9225693  -0.4949631  1.8566337  0.15399854  -0.27959478  1.4177123  -0.09323111  0.4352518  1.2278903  0.91792816  1.2014189  2.4348264  -0.6431407  -0.92656744  1.2956855  -1.3266791  0.072998494  1.1023706  -0.0148853995  0.09401808  1.9195192  0.1161909  0.73889536  -2.1454248  0.8770897  -3.063981  2.031792  -0.78947365  -0.25191006  0.9554803  -1.4095672  1.2629998  1.4254562  0.08736254  -0.3178108  0.243761  0.41723567  -0.16056207  1.6380897  -0.11310821  0.34266087  -0.36819005  0.41224056  1.0373713  1.0047746  -0.09559472  -0.79060614
100 1 1
1
0
0.24344486  -0.25235215  0.17672819  0.2959858  0.058212314  0.037315413  -0.042375423  0.29080516  -0.09615051  0.12087305  0.07381444  0.05912878  0.25785106  -0.22539034  -0.06233989  0.002800852  0.08037387  0.20160052  0.09782514  0.085452065  -0.041496255  0.08914321  -0.110920504  -0.10092784  0.06914954  0.14625737  -0.25342745  0.1701399  0.16570544  -0.17469104  0.04787448  -0.0920486  -0.07429351  -0.14766225  0.08481352  -0.11016962  -0.14424133  0.07165558  -0.2297196  -0.023241173  0.006210275  0.042364396  -0.10476982  0.13580163  -0.10031102  0.3383982  0.07650456  -0.006080076  0.3655995  0.11231138  0.0868828  -0.3256666  0.1983237  -0.08603505  -0.04269616  0.17953873  0.16604227  -0.08160457  0.25012204  -0.008429272  -0.0038780342  -0.0598017  0.09204807  0.08055434  -0.087559275  -0.04682555  0.009313539  0.057323206  -0.17018893  -0.14358401  0.065850146  0.02455099  -0.18840623  0.14530271  0.07860078  -0.082507506  0.0795749  0.31050926  -0.091633745  0.22646493  -0.11862554  0.048605867  -0.02097848  0.03776002  -0.012051698  0.12223917  -0.11070602  0.029373325  -0.121712044  -0.0932677  0.019425806  0.13073698  0.01115554  0.14481919  0.081624314  -0.06228198  0.089235306  0.054054514  -0.043643355  0.06699834
100 1 2
1  2
0
-0.067090385  -0.13561691  0.33726957  0.026773805  0.54790723  0.10126008  0.117835246  0.11937398  -0.09921192  0.17996234  -0.026703037  0.44925457  0.51930815  -0.25955808  0.061558995  -0.13172972  0.05218535  0.21546906  0.20511886  0.26357996  0.03822749  0.30910996  -0.06438053  -0.0034988234  0.18800926  0.004288516  0.020314476  -0.12491372  0.045127735  -0.010942731  0.15019996  -0.004479279  0.050896883  0.0029724967  -0.17004453  0.014033528  -0.023753777  0.06610902  -0.070992835  -0.05253444  0.035906587  -0.116676986  0.03824869  -0.004584285  -0.036114804  0.2559663  0.052079678  -0.15806533  0.06984431  -0.00085259415  0.09069505  -0.20638788  0.26981413  0.09479248  0.04562222  0.16051696  0.16456364  0.042798415  -0.07608619  0.11317758  0.07411533  0.13443714  0.014104789  0.22780438  0.006605508  -0.04298757  -0.13694286  0.04832761  0.0044090245  0.045320347  0.089391254  0.028019942  0.14011228  0.06783409  0.08995327  0.0028179022  -0.16654845  0.5034697  -0.25923616  -0.024285315  -0.001822954  -0.16142543  0.045190178  -0.040054906  -0.030490428  -0.008534555  0.19936642  -0.0544274  0.04871444  0.06499288  0.05406093  0.10793721  0.09258134  -0.0071713347  0.0041344897  -0.00015833904  -0.06250087  0.047455564  0.03385166  0.018112717
100 6 1
3
0
-12.609203  -77.27744  0.13918826  14.28528  71.74996  30.91465  4.2479978  -14.747435  8.841607  -0.9835586  30.312346  -36.15379  58.822247  2.4395847  27.83894  -38.656353  12.92753  10.505997  -22.98012  -10.071459  15.335464  11.091205  -40.39016  5.179721  -7.37929  -2.8482358  -7.736781  2.5775838  -20.657536  41.736874  -54.090885  -17.377108  -36.249126  -14.155095  -1.636371  -1.0933834  7.8770757  -12.120153  -17.390268  -6.075525  -21.131704  -8.482128  -8.742429  11.200496  34.384167  -19.975164  28.93463  -3.850077  55.232136  54.817173  37.7668  -16.18054  -3.09027  -64.916626  -57.181194  -14.069272  -18.252563  -64.72933  45.285168  -24.380936  -2.484084  -0.044414427  12.84917  -29.360949  10.146712  -5.0353823  -8.762591  5.093608  1.7990972  13.967317  -4.046649  -23.846767  -44.157158  -10.868801  -17.776955  -37.95738  42.53658  -1.6016372  10.906598  65.29779  -12.867522  26.837362  -16.768751  -6.6936126  -14.940162  -3.568428  -22.418468  6.319093  -45.631817  3.4459832  -3.8004925  42.895138  -30.42884  21.768503  45.650448  14.086412  -0.11509636  -9.918119  0.7123968  0.2885401
0
-42.632565  -20.553764  -21.77747  -13.369538  49.402504  -2.5272923  34.6205  1.1852022  -15.2119875  7.197867  -28.884657  36.297977  -16.06219  -16.482359  -10.738025  -43.282585  40.10049  9.868747  -1.7204794  3.4235735  1.0871121  31.42657  -36.815643  21.525019  -16.839113  11.455728  11.542154  3.7979856  10.405227  -11.492159  -11.467337  31.223629  -3.7729316  2.3870926  -10.758659  -10.527332  0.7680198  -18.915743  -5.218982  37.39963  -13.80141  -38.914146  -41.25558  9.385164  -6.8079467  11.886018  8.149191  7.4243035  16.149431  1.7833599  -1.0829924  3.197676  5.7701454  -14.318369  -8.69579  10.616103  6.1602473  -12.250906  -5.008859  -2.8644972  12.893032  0.8345647  -8.864499  6.100118  0.20234926  11.648725  31.792078  20.297045  22.442562  4.0658717  -11.712543  -5.3270383  -4.812384  -7.3239317  18.876287  -2.0916138  22.381021  17.212954  17.462545  -3.0953174  14.2931  22.67005  8.402432  -1.201757  -11.081313  -10.511171  -2.1710498  2.7061217  -10.661887  -3.3739345  10.512541  7.841924  -7.1744094  -2.4538136  5.5167813  12.178705  10.464226  -4.2212486  1.7492864  -12.695592
0
-0.8954741  -0.78177965  4.371046  1.5477865  7.5639615  1.3286268  0.5692572  2.9250782  -2.3816788  2.3551924  -1.6474872  5.8215876  4.8796597  -3.9355814  0.6911472  -0.79745615  0.427319  2.8707361  2.4932835  2.671024  0.898436  3.6452143  -1.0611247  -0.25544217  0.9163405  0.9428037  0.115412064  -1.7127187  0.37131426  -0.1779701  1.3756428  -1.214777  1.0406306  0.7316606  -1.5618526  -0.18606968  -0.34635824  0.06881176  -0.38677076  -1.4111423  1.2264524  -0.9381405  0.033153765  -0.056884453  -1.4354956  3.9817338  0.56108785  -2.2849636  0.625568  -0.77355033  1.1961972  -3.3857598  3.0210304  0.98396677  1.0596647  3.2729316  0.22660764  -0.29501298  -0.57263285  -0.058921542  -0.1746809  1.0087467  -0.22433253  1.3295934  -0.063710004  -0.069317766  -1.0762931  0.3090913  -0.898638  0.13939156  1.587568  0.41558036  0.7370795  0.5592403  -0.6213169  -0.5701984  -1.3632599  5.6476917  -3.4702864  0.5173768  0.0028784322  -0.2615858  0.60664165  -0.856928  -0.025465317  0.10296203  1.4471489  0.044230092  0.8193452  0.87490666  -0.96567106  0.8538011  0.24601437  -0.4297971  0.06341497  -0.041401755  -0.115523756  1.6553866  0.47454935  0.549514
0
-84.59131  -72.76315  17.227924  4.0210032  59.607925  24.308855  15.160201  -1.749872  -18.935312  22.423199  -0.4557238  47.206173  9.915193  -28.702513  -13.673582  -7.2976823  3.3168206  13.503938  5.4569764  8.519153  -10.215521  -9.219895  -30.030487  17.220724  -9.680541  7.820697  -0.5114849  3.8778448  -2.538211  30.283545  -0.13827002  43.544346  10.528007  1.1574444  -18.61255  -16.125732  -0.086947024  12.192283  1.3293717  36.231316  5.0135393  -3.1463044  -16.20594  15.064961  2.5957808  4.383878  19.100473  3.0752022  19.786306  16.20269  4.3308563  12.2437935  -2.5185456  -35.36587  -20.962898  4.2322454  6.318252  -4.459211  0.2666967  -6.1903696  14.274602  -12.967746  -14.496078  -11.309298  5.9536943  12.402616  8.925464  3.0445974  -18.885921  -4.455217  13.539015  2.067153  -19.794825  5.9036474  11.495292  -1.2298973  33.707382  -1.8370507  19.4661  -0.6837009  -6.863044  4.0575686  12.749428  -3.3637552  -11.316584  -13.430042  -0.72615826  8.787314  -12.091993  2.8090937  6.2700787  9.750996  -11.867747  -3.0732508  18.19963  -12.094187  -3.435858  -4.3194995  1.5303856  3.6472547
0
2.1890645  -0.3968208  4.5867634  2.186068  8.1222515  -0.4018588  0.5130225  3.5653973  -3.0893126  4.2818036  -2.5075648  7.7932587  4.2287793  -4.470445  0.4632667  -1.332927  -0.0712379  3.3090072  2.1066544  2.6824534  0.682755  3.4407039  -1.2899116  -0.38963273  0.7650752  1.9700298  1.2476755  -2.5149207  0.7174311  0.4533472  1.3814363  0.17042527  1.8994367  1.2212479  -1.5886133  -0.22622584  -0.25399864  0.5604011  -0.84173584  -0.85823905  1.0051508  -0.7278553  -0.21145812  0.26135725  -2.4585223  5.3343353  1.7305522  -3.0051827  1.385609  -0.819716  1.7610719  -5.1774216  3.5145843  0.56175995  1.5982008  3.5453637  0.20871161  -0.6498655  -0.07414594  -1.6642729  0.25685045  1.5191828  0.18568376  1.8423795  0.20046788  -0.36816198  -0.8971815  0.7492178  -1.577115  0.42601132  1.3706347  0.6080462  0.6527795  -0.27088168  -0.6397432  0.29005364  -1.0197133  7.2130127  -3.222863  0.6512132  -0.04456539  -0.45183134  0.87119097  -0.68097913  0.010180668  0.59376776  0.9442761  0.12832026  1.1241918  0.8310975  -2.054409  0.9144346  0.4760881  -0.049178008  0.13655886  0.52668816  0.0048109125  2.1208515  0.71878994  0.6801126
0
-81.33889  -48.017345  16.14184  5.2048874  72.63109  -5.3516626  1.8092237  -12.287128  -18.828459  51.0327  -35.795002  53.07077  17.834465  -36.68546  -9.295273  -47.148155  14.010716  -4.274959  -4.5923524  -0.35609266  -16.946548  -7.1212516  -17.124922  48.343044  -17.30527  38.22757  45.726017  -16.263443  26.733698  34.29257  -12.844223  60.58152  25.97819  12.173453  -25.705847  -9.576682  -0.12907916  23.46637  2.440217  52.478813  4.6323147  -24.505415  -26.529835  11.804229  -11.711504  3.4082472  18.857655  10.170566  31.648554  12.892619  4.1962094  12.88662  -6.551389  -19.635853  -22.314949  6.752969  11.94842  -4.347693  3.0188856  -18.983353  37.58192  -1.578477  -3.4924908  -14.939972  -9.057274  17.970707  9.7297735  6.064145  -2.584486  -19.302986  -1.5311937  13.349331  1.1614759  7.0415797  10.421987  14.640485  47.112434  -12.0771055  33.336  -7.3717523  5.686846  13.953202  11.732057  0.7439177  -29.245962  -25.423637  -5.593393  26.493793  -8.970492  -11.3693905  1.7364454  -4.4270997  -3.013542  7.830345  36.244164  0.27633014  17.59034  2.3737772  -12.706999  13.875464
100 3 1
4
0
0.78389597  -8.859851  -1.1615982  7.8466115  -1.4723885  -14.956504  5.228175  -11.857517  9.834821  1.780576  -7.599102  13.116668  13.541591  -4.0099487  -6.0607643  -1.3425779  -7.800888  5.961408  -1.4363186  -5.0999074  -1.646248  5.944858  -7.3740206  7.964647  1.6380593  5.08141  1.0492021  -3.6455362  1.6401364  0.14543179  -0.30400547  9.213642  -3.97534  3.391597  0.85717326  2.2662349  1.1606106  0.47427246  -11.111889  -3.6725702  0.6967082  -1.961247  1.1704967  0.064154364  -4.2879076  9.564751  9.804718  -2.847047  9.704921  2.5902042  0.49860215  -3.2226362  12.04915  -10.225719  2.7956767  3.662521  3.7320666  -5.6496425  6.038871  -5.8257384  4.421396  -2.6297758  -5.704428  -1.8498315  -4.99695  5.8655424  -0.77683  -2.66617  4.027416  0.9292149  -4.7037435  0.84047234  2.082056  2.538883  0.19981088  0.09960702  7.7168846  7.6639094  1.2353168  1.5487292  3.768983  -6.1500363  1.2018528  0.90429556  4.429243  -3.4922032  2.1894565  3.0899327  -6.5765533  -1.5405278  -4.328135  2.548272  -0.5962337  -3.92933  4.661187  0.68619955  2.505596  2.4600773  1.9204149  -2.3651366
0
-42.142822  -20.654255  -20.10378  -12.252714  48.17173  -2.1822538  33.353268  1.3653225  -15.448943  7.2690477  -27.660334  35.46883  -15.412226  -16.473618  -10.936571  -41.516594  38.340717  9.417363  -1.7468171  3.506222  0.7537068  29.94728  -35.3662  21.380037  -16.577698  11.263989  11.422471  3.3620996  10.595382  -10.800925  -10.70702  30.382538  -3.5301077  2.5008848  -10.475125  -10.360222  0.4019414  -17.970541  -5.205474  35.89734  -13.408699  -37.315765  -39.749847  9.0863695  -6.763297  11.550156  8.427044  7.1559963  15.855671  1.9206645  -1.2300572  3.0182018  5.5684133  -14.502039  -8.626243  10.374133  6.1166124  -12.088139  -4.58226  -3.0979874  12.293812  0.6871117  -9.033639  5.93008  -0.0032772534  11.11096  30.269684  19.228172  21.291925  3.5835178  -10.860292  -5.190284  -4.8506503  -7.2881894  18.360762  -2.0590682  21.69672  16.646925  16.704859  -3.181316  13.761924  22.153568  8.155023  -1.1254153  -10.769163  -9.846064  -2.0760229  2.653965  -10.735569  -3.2905426  10.249992  7.6515627  -6.9046307  -2.2041233  5.6505084  11.9550705  10.280753  -3.9226692  1.9411995  -12.3764515
0
-21.025097  -8.031068  -6.5763063  -5.2867537  27.889847  -1.9864366  16.397945  3.37927  -7.4734674  3.493543  -13.759645  23.228928  -4.123809  -11.419149  -5.0694065  -20.50992  19.710558  5.3002057  0.26496944  3.6958845  1.0428907  17.343025  -18.991985  10.231533  -7.8593297  4.9413557  5.78772  -0.4565304  4.5225983  -5.5046334  -5.2740946  14.3202715  -0.9468624  0.852123  -6.26275  -6.010157  -0.68193185  -8.370061  -1.8844228  17.742079  -5.220731  -18.103312  -18.030458  4.582562  -5.4041977  8.294896  4.7802043  0.78184974  7.025316  1.2834913  -0.4812206  -2.8379438  2.9332101  -5.46525  -4.6633825  6.0123706  3.0364313  -6.671096  -2.3295686  -2.1149538  7.132523  2.42238  -5.3315406  3.385701  0.43749288  6.803771  14.458666  10.356529  9.524863  1.714467  -5.6794095  -1.7281458  -1.3781214  -3.133692  7.9067845  -2.0825317  11.485132  9.278646  7.134511  -0.32701743  5.5605288  10.545282  4.0925384  -1.3741924  -7.0162168  -4.5474877  -0.91022855  0.6328223  -5.776122  0.40700948  5.232423  4.6307907  -3.770136  -0.5894283  3.7328417  6.667279  5.138116  -0.9008383  0.9486224  -6.7563715
100 1 3
2  3  4
0
-0.7787325  0.8023834  3.7896633  2.0310717  5.038023  1.0338247  -0.12954865  1.9822308  -1.454807  1.0721676  -1.9952269  4.6443467  5.074875  -1.8952702  0.14850457  0.015097916  -0.08972622  0.8422115  1.9419516  1.4625363  1.0924246  2.1895475  -0.77665734  0.020214707  1.2274874  0.88605416  -0.31443936  -1.7243042  0.31479836  -0.64937115  0.8950359  -1.5390451  0.97290796  0.91340375  -1.2445465  -1.157481  -0.5894637  0.49737138  -0.52063835  -0.5830033  0.81030995  -0.520028  0.48005316  -0.27730092  -1.4822563  3.533702  1.9526712  -2.6301243  0.44568798  -1.5224211  1.02296  -2.5436823  1.8581051  0.9822055  0.5208373  4.043699  0.4723306  -0.21825656  -1.5097661  0.40597945  1.0462195  2.0927384  0.025962504  -0.043715797  -0.1674223  -0.10738895  -0.35078928  0.45045903  -1.622479  -0.15837875  0.7084908  1.2438847  0.5397194  -0.45581773  -1.1496235  -0.36645254  -0.4010224  5.05005  -3.7392163  0.3623818  -0.2849583  -0.44331777  0.7515843  -0.66889936  -0.08927819  0.26016244  0.74863875  0.033605605  -0.66216785  2.0091481  -0.29393652  2.3984065  0.6378061  -0.03003542  -0.075286664  -0.1965167  -0.11964929  0.61663985  0.60303855  0.5538673
100 3 1
5
0
0.32833755  1.4465575  3.4652174  1.1465534  5.585218  0.91845  0.71189684  1.4981587  -1.2034731  1.6946396  -2.2664766  4.5951276  4.3333592  -3.76924  0.13365278  1.0221907  0.18682653  2.087709  1.6823791  2.0458755  0.19677474  2.7304962  0.024896797  -0.8203565  2.2552292  0.94742674  0.25788775  -2.430493  1.3062961  0.4339503  0.8508133  -1.2794964  -0.008655544  0.18545197  -1.249909  0.39887422  0.24036005  -0.50308937  -0.47752926  -1.4477509  0.7639296  -0.512501  -1.0236424  -0.036595  -1.5601575  4.7102695  2.871333  -2.0893173  0.86242557  -1.2970296  0.9403492  0.39404714  0.98387456  3.0430045  0.957451  3.4424863  -0.79095507  0.6953041  0.35850042  -1.0359863  0.76896393  0.21940951  1.2407854  1.8855501  0.23512101  -1.0903794  -1.4514562  1.034745  0.7561236  -0.4502325  0.74278  1.0315473  0.75812316  -1.2197453  -0.3686443  -0.43755025  -1.4456596  5.445161  -3.886527  0.568423  0.49492434  -0.8501187  1.9559404  -0.091152295  -0.07869259  -0.20651805  0.8623572  -1.0372307  1.5304292  2.5075817  -0.7182989  0.6781862  0.6193837  0.50970393  -0.03184249  0.9660297  -0.033469625  1.181194  0.81932247  0.06918447
0
0.84223616  0.39898342  4.8118615  3.011074  9.295486  1.0301709  -0.6328776  5.9010386  -2.0611534  2.9007895  -0.8863064  7.785715  5.6370654  -2.9152684  0.5294523  -3.7965722  0.8266385  3.0098493  3.889195  4.268188  1.2362548  2.7920752  -0.17802553  -0.52738565  0.46305823  0.57220995  -0.80957973  -0.70500255  -0.01748753  -0.15605907  2.8158066  0.28944907  -0.9842655  -0.94820493  -1.9578481  -1.4945424  0.8092216  1.3523622  -0.57894367  0.9724425  0.67203075  -0.96470374  -0.2789524  0.3280579  -2.119825  4.99415  2.682173  -3.2118902  1.7240995  -1.2183365  2.5850093  -4.0482507  4.4996557  1.4938834  4.530309  5.264758  1.5057888  -4.257823  -0.5590971  0.11626667  -0.22899319  1.6782964  -0.40264797  2.6839275  -1.2860247  1.3616925  0.92474663  0.6654495  -1.9899153  2.1801343  2.7520883  1.4757165  1.2990819  0.2967324  -1.1604985  1.8125589  -1.1178913  6.8686314  -3.6954653  0.00075076334  0.11747109  -1.7794499  -0.13099056  -1.7012047  0.48165753  0.008147815  0.4501969  0.54253274  -1.7807395  -1.334515  -0.013442605  -0.27892303  -2.2704256  -2.427264  0.45674843  0.79221016  -0.99689114  0.4700629  0.901569  0.68575627
0
-1.7091076  1.1960251  3.5561156  2.0696623  6.5876718  0.7665988  -0.36837357  3.67859  -2.6836293  2.1260595  -1.4201583  5.513653  3.6769488  -2.3744335  0.6580299  -1.3197123  0.33252972  2.1473424  2.1615975  1.8819766  0.63255763  3.2651465  0.1324004  -0.55780536  1.548578  0.10976589  0.13220029  -0.75519675  0.6160419  -0.4574057  1.6483438  -0.78461236  0.20844698  0.8363412  -0.7855295  -0.17335144  -0.09323144  0.81937015  0.024443958  -0.9540847  0.20013423  -1.3516384  1.2352034  -0.014921875  -1.1830676  5.632461  1.5795133  -2.4733357  0.16343977  -0.71272963  -0.025011092  -3.3930366  2.7014084  1.8075509  1.080914  4.620679  0.7651592  -0.14617088  -0.026176825  1.8154352  0.5157153  0.56235886  1.2325985  2.0764966  0.4131347  0.5363286  -0.15311481  -0.1844075  -1.0813775  -0.1378402  0.17431748  0.64765006  0.55814195  0.12449114  -0.23402911  -1.8746347  -1.7493736  5.0142293  -4.300148  0.2465799  0.3995704  -1.2145182  -0.20163816  -0.7071708  0.2519104  -1.3008921  -0.05517315  0.08879857  0.7054203  0.82695395  -0.07795903  0.04528049  0.27066383  -0.78073674  -0.68752503  -0.36409187  0.53775275  0.4654172  -0.60235834  -0.080924906
100 1 1
6
0
-0.81781286  -1.1922903  -0.22435385  0.19262053  1.2190683  -0.20590247  0.90668994  -0.091416754  -0.12870039  1.0357201  -0.15581933  1.1619208  0.776563  -0.12788276  -0.18762244  -0.53584784  -0.25275654  0.12247647  -0.3344499  0.10403747  -0.43932763  0.5131451  0.1737557  0.18259726  0.20738952  0.65467334  0.16005607  -0.6632362  0.977386  -0.030091591  -0.10024626  -0.007971652  -0.089087516  -0.31706703  0.027542487  -0.85198075  0.29098725  -0.07632699  -0.6967691  -0.24630353  -0.11486006  0.15418637  -0.7009855  -0.98914486  -0.23940179  0.72680527  0.8152053  -0.40041262  0.69330233  -0.2582452  -0.13861924  -0.38802743  0.4347718  0.058250062  0.09898718  0.88681644  -0.21934053  -0.2011702  -0.019028468  -0.12041621  0.008154169  0.2146053  0.39192915  -0.27304164  -0.28620043  0.07069579  0.4858642  0.06416807  -0.5955927  -0.014620591  0.14696856  0.45073876  -0.24269386  -0.028128535  -0.26170206  -0.1283026  0.077612765  0.68943167  -0.4092852  -0.0797451  -0.49172667  -0.22053157  -0.37786302  -0.45433903  0.4848132  -0.1726873  -0.19979355  0.056865335  -1.0145961  0.7510422  -0.0041511413  0.6105794  0.15851323  0.13392206  0.3079493  -0.096062265  0.07235773  -0.011743865  0.29897362  -0.10481318
100 3 1
7
0
-13.521786  -16.273542  -11.147087  -5.3308764  12.242353  -16.424799  3.5238957  -20.391819  -15.306131  17.123913  -0.055085577  9.131069  3.2816129  -8.378304  -9.032546  1.8986739  -16.005087  7.994175  -7.4637628  -3.4173214  -13.278574  -9.546812  -7.94783  14.086174  -8.934972  19.500013  17.255823  -18.345806  7.769019  9.414113  -9.3905  20.24636  15.243066  5.682153  -6.9610205  8.515405  1.8399446  7.6088796  -6.620998  -7.2921753  -5.43796  13.321988  -9.866899  0.06297591  -3.6050348  8.284068  3.623435  -2.295566  8.202182  0.38136593  2.7311995  -4.138814  5.1888623  -11.045439  -2.7493424  6.434286  4.174396  -11.773368  2.4383595  -8.506357  4.7411404  2.7140126  -2.9998844  2.3607059  -1.7105339  -14.190919  -12.73105  4.483054  -6.631683  -1.5073713  -5.236949  -1.4441247  -4.5942845  2.7028913  3.1217818  -0.23354787  9.469007  11.000683  -2.8136046  0.20721014  1.9257874  4.831601  -0.7339509  4.276541  -12.467021  1.075756  7.546681  4.0547295  -2.3765416  -1.8867197  -6.1123996  4.5401797  3.295162  -11.353635  0.13614687  -10.611952  -21.484594  -1.6434277  -7.743581  -8.425279
0
3.6706648  -9.355501  -13.427845  3.1160545  5.237977  -7.0732822  11.121585  8.292567  -12.320395  20.28294  -1.8845037  -4.279387  -3.742935  10.470434  11.531409  -24.542568  -0.7975555  18.065075  18.56281  -8.39765  7.2753177  -9.613618  4.385384  14.949432  4.0286765  4.556413  -5.8630776  -16.92071  6.9168286  13.484263  0.7610431  9.951494  -16.690445  0.4073553  -8.126589  0.08889011  6.693239  5.4037986  9.530609  -4.190274  -5.6769214  -3.119134  13.326774  -7.3154807  -6.688251  18.81054  5.8039045  -6.7226367  10.681862  0.15722147  3.555897  1.6568333  3.477073  0.34431425  -2.0124376  4.8954306  -8.533936  -6.621438  0.6571377  -0.12280283  4.2018332  -6.4448066  -0.42814192  -5.6161585  4.169806  -1.611115  13.013351  0.31619683  -0.51455665  10.979716  -3.912156  -5.0807223  -0.6062558  -4.6721697  1.7415754  5.819977  12.446593  8.608156  0.22056144  1.9712802  -2.8156881  -5.9429917  -1.2087444  2.3443499  -9.808792  9.26067  -1.1898438  7.400338  -2.111306  3.9783916  5.004688  10.54513  4.3640814  -7.220496  5.4561553  -1.3749007  -8.747167  4.3923545  3.993566  3.884511
0
-38.620113  -18.362974  -19.284975  -11.661397  45.22146  -2.6509185  31.103773  1.5418428  -14.030139  6.6698375  -26.488928  33.03139  -13.436609  -15.026802  -10.132386  -39.466072  36.082336  9.18594  -1.210142  3.4597516  1.260782  28.69231  -33.436684  19.590578  -15.187399  10.091617  10.599792  2.723104  9.119402  -10.4940815  -10.292213  28.131283  -3.4506037  2.1417894  -9.75704  -9.690829  0.26105285  -16.94096  -4.7387366  33.63752  -12.079679  -34.905563  -36.96669  8.127867  -6.535935  11.088542  7.614567  6.029071  14.222532  0.64056146  -1.1024314  2.6084526  5.3314652  -12.782378  -7.6087813  9.734803  5.49258  -11.047654  -4.4804115  -2.4701216  11.659416  0.98704034  -7.4723063  5.210215  0.47013393  10.61436  28.978949  18.152407  20.30954  3.8222642  -10.282193  -4.3544145  -4.6130853  -6.4014664  16.602327  -1.0482357  19.701485  16.466482  15.245233  -2.6376097  12.987272  20.611055  8.03192  -1.2080758  -9.541391  -9.452568  -2.3585138  2.457761  -9.840429  -3.3141196  9.150517  6.9935274  -6.53128  -2.3345385  5.0051017  11.155609  9.577309  -3.7820125  1.4540398  -11.230795
100 3 1
8
0
-0.015491005  -0.088632  0.39824298  0.017800413  0.43549123  0.15085754  0.21380246  0.558699  -0.40539286  0.16254891  -0.18416034  0.4916318  -0.02350888  -0.36323762  0.2494624  0.13758616  0.117859356  0.17631884  0.26026  0.14906777  0.053046905  0.38607502  0.24579668  0.08654694  0.32985985  -0.22887853  0.21409285  -0.09641048  0.2682958  0.1171954  0.3001737  0.07288325  0.10703909  0.0311683  -0.13194987  -0.22163136  -0.2575565  0.23128271  -0.033824977  0.24180388  0.24921447  -0.18160188  0.062145665  -0.05996514  -0.14565618  0.42531317  0.06258967  0.11774988  0.44227338  -0.1779171  0.030319566  -0.8663453  0.16061862  -0.055708814  -0.08586989  0.35530007  -0.049045756  -0.3191562  0.23005351  0.20244148  -0.28546917  0.19661415  0.40536729  -2.4050474e-05  0.07018188  -0.03542599  -0.09455529  0.0900778  0.029018376  0.1179443  0.23157218  0.10464518  0.48571175  0.28395915  0.020835854  -0.23284303  -0.16837117  0.29609814  0.026272517  -0.08147253  0.18251295  -0.28753138  0.06401947  -0.11630067  0.12043873  -0.12986486  -0.0013344828  -0.2982506  0.13078237  0.21810076  0.28814232  -0.19821332  0.2158792  -0.10993008  0.21173206  0.021266114  -0.19085316  0.116651736  0.0881078  0.10756868
0
-1.0393909  -0.58989865  0.4447739  -0.19136524  0.8798898  1.0817548  -1.4014317  0.7095693  0.7686853  -0.16676344  -0.35047206  1.6143295  -0.5583754  0.9731032  0.066091284  -0.49458465  0.0014588238  0.6183076  0.36693874  0.43034184  0.40306666  0.1504268  -0.41189787  1.5734849  -1.0519094  -1.4848291  0.28624424  0.4126016  0.16165958  -0.8326028  0.4190625  -1.5741876  0.101071  0.6574184  -0.23679273  -0.46719006  0.19776376  -0.30610102  0.18498915  -0.22419031  -0.15241718  -0.09650838  0.43906865  0.39330193  -0.24271637  -0.22983855  -0.762949  -1.478305  0.19880407  -0.55771554  0.0043819956  0.3314316  0.55291337  0.2075091  0.25869474  0.16418695  -0.28266892  1.8279005  -0.3434637  0.21558706  1.0642699  0.67421436  0.115433805  1.4552817  -0.021066716  1.2624884  -0.4570378  -0.75935346  0.54019946  -0.036213487  0.27644828  0.29807714  -1.2181015  -0.39891854  1.0059036  0.052020323  0.34417096  1.1015532  -0.96608657  -0.30834013  0.34278715  -0.6344869  -0.6381407  0.7686899  -0.71322364  0.07559687  -0.016148495  0.38447854  0.4321508  0.46972668  -0.13814408  0.7397256  0.7855268  0.23147  -0.2317747  -0.3091221  -0.54721755  -0.91411823  -0.4110825  0.42195657
0
0.14867385  0.42158604  -0.025525888  0.40371105  0.9433348  0.14328805  -0.24335009  0.29411724  -0.5885976  0.70485884  -0.22317225  0.5972807  0.67062443  -0.37484655  0.42663002  -0.29787678  -0.29487637  0.53834826  0.32493857  0.047966585  0.15333366  0.4995077  -0.20743863  -0.4164051  0.2420585  0.20492524  -0.11853602  -0.11178724  0.2757172  -0.27307895  0.1451964  0.035687953  0.24727856  -0.18745023  -0.4368961  -0.14282995  -0.21289212  -0.032524206  -0.041089818  -0.3149754  0.31847802  -0.111271344  -0.067030944  0.12849912  -0.04842089  0.8578871  0.103920124  -0.56967014  0.7275209  -0.40687355  0.23887627  -1.0534266  0.13600732  -0.024029998  -0.0017812288  0.7556792  0.023360448  -0.13413246  0.061269876  0.10239601  0.36745083  0.24457435  0.1686123  0.2370004  -0.20485014  0.021419162  0.17374092  -0.26944116  -0.26751545  -0.13235262  0.3831543  -0.045985807  0.24729788  -0.018162431  -0.35218847  -0.5221005  -0.31676784  0.37958753  -0.6362219  -0.3001499  -0.06346429  -0.371496  0.0028342532  -0.45149258  0.5106117  0.2285453  0.22254793  0.4969726  -0.051195282  0.23029488  0.2283379  0.06702965  0.33613375  -0.29154438  0.40322042  -0.0042965943  0.005700249  0.42436334  0.08386139  -0.15739597
