10 18 100
100 1 1
0
0
-0.094961524  0.063269526  0.014348745  -0.038711153  0.110395275  -0.08186014  0.026185371  0.1493758  -0.08807727  0.23036595  -0.047995467  0.08667657  0.013220024  -0.11091158  0.16144907  0.091473505  0.052439243  0.0533574  -0.0066483445  0.021197967  0.046908405  0.07561645  -0.009467669  0.016440496  0.014526105  0.034948573  -0.05478302  -0.026538689  0.0074383398  0.0055354005  0.04692473  -0.074266  0.008303705  -0.114123166  -0.04642673  -0.025940765  0.027150284  -0.03690035  -0.0003064638  -0.123237684  0.003952255  -0.016196173  0.04182773  0.08829257  -0.033566292  0.16518237  -0.0036572283  -0.021488708  0.16992836  0.17072427  0.13916405  -0.12708348  0.11159897  0.09084961  -0.042615827  0.07329914  0.045813467  0.2165227  -0.09570788  -0.08409839  -0.103773184  -0.08842152  -0.09405433  0.04625321  0.10436273  0.004008695  -0.008162309  -0.049601253  0.030585  0.00041410467  -0.041949283  0.017823169  -0.09613969  0.034356765  -0.12002848  0.036535207  -0.10396001  0.0378708  -0.025896624  0.04748824  -0.041675538  -0.06349974  0.014118325  -0.010846434  0.10810873  0.04497891  0.07598876  -0.108996704  -0.010457101  -0.026623998  -0.035692617  0.03497117  -0.040478025  0.06644454  -0.0027300157  0.036808137  0.03875635  0.06781673  0.030577334  -0.020151101
100 2 1
0
0
-0.27259013  -0.027484106  0.50868744  0.09794391  1.0025516  0.26341993  0.111287475  0.4361608  -0.358991  0.34542063  -0.33374605  0.5950551  0.720069  -0.4009914  0.15217365  0.009529698  0.0047619897  0.08036536  0.33767188  0.45286718  0.3775462  0.34116253  0.15293634  0.045696612  0.34091768  0.24684958  -0.007055206  -0.26263955  -0.14772362  -0.11904086  0.33106712  -0.23837784  -0.16754536  0.018319977  -0.111538365  -0.016623864  -0.07039969  0.057299428  -0.038123522  -0.2269616  0.32766443  -0.0005777088  0.015921155  0.15724234  -0.420037  0.4932978  0.16158783  -0.14642432  0.38172606  -0.25089052  0.13379292  -0.0010185386  0.30003875  0.047018226  0.0355429  0.23004022  0.16268107  -0.16709243  -0.039450802  0.1270612  -0.24025013  -0.17167398  -0.22823879  0.014757107  0.41525733  0.010514743  -0.077442266  -0.011493259  -0.11568765  0.038763233  -0.12113876  -0.0018301734  -0.06759747  0.24820442  -0.01045886  -0.11691299  0.14171259  0.7578964  -0.34753454  0.5064221  0.0729597  -0.082901925  0.1769798  0.09280665  0.21041103  0.32027572  0.16089955  0.1813901  -0.036075518  -0.25160354  0.29470327  0.2260062  0.03789471  0.011887154  0.13483465  0.2793283  0.039053977  -0.022203447  0.16544224  0.11500527
0
-1.5532782  -0.59329784  -2.8221776  -0.26809043  4.1334367  0.38414198  0.8796307  -1.2338611  -1.2471638  0.50005233  -3.4186666  2.412373  -1.0029508  -1.2044127  -0.31743094  -3.7827697  1.9308747  1.7353342  1.5244411  0.25361335  0.14725128  2.248883  -2.0556848  0.47807366  -0.66539866  1.298951  -0.31481898  1.1750662  -0.165457  -0.6368946  -0.5253922  1.9652925  0.41629893  0.33853957  -0.5815139  -0.57746446  0.70559573  -0.99120855  -0.5187929  2.4938908  -0.7517566  -1.964371  -2.4507086  -0.12229801  -0.97712016  2.5244853  -0.21995842  -0.12938726  3.2307363  1.6096015  0.11428643  -0.23889652  0.20252255  -2.2191672  -0.25650787  0.7325539  0.27715057  0.039170742  0.41597337  -0.55331683  1.2816353  -0.72504175  -0.76419926  0.32471427  1.4058623  1.3203151  0.9691981  0.38877586  1.8043835  0.80919075  -1.6392995  0.017693061  -0.12128819  -0.3796262  0.5022649  0.20278987  2.0105941  1.3313817  1.2435763  -0.81531614  0.10740104  2.1929924  0.33838594  -0.020178726  -1.2219185  -1.393937  -0.07370206  0.50890845  -1.7939348  -0.4903616  0.3845253  1.0356908  -0.6939337  -0.12870471  1.1917663  -0.032052964  0.47801566  0.39220786  -0.07713428  -0.1551453
100 2 1
1
0
0.09275466  0.5979643  1.0202339  0.67005956  1.990211  0.2638977  0.0675127  0.9496418  -0.5959322  0.43905976  -0.5726444  1.6968535  1.6703627  -0.57580394  -0.27521864  0.19440795  -0.090139344  0.10139134  0.37219685  0.8141138  0.2861128  0.70302695  -0.2856356  0.22517887  0.1653432  0.3963047  -0.21788692  -0.7086053  0.07122721  -0.07276667  -0.08307813  -0.5433685  -0.36357257  0.16876423  -0.7369305  -0.17971635  -0.5771579  0.016441278  0.1983629  -0.49792358  0.56115466  -0.1161679  0.14566004  -0.09093372  -1.0887313  1.0269018  0.23542422  0.008724608  0.12613934  -0.19336806  0.02543578  -1.0698985  0.94998646  0.22936778  0.20321493  1.4104909  -0.2225748  0.31456375  0.2778562  0.30071184  0.0026278514  0.26587054  -0.218674  0.12290079  0.33413693  -0.23041028  -0.42737392  -0.041470278  0.11618581  -0.0022736555  0.7435009  0.12392685  -0.07622568  -0.4928426  -0.5552108  -0.3814141  -0.186842  1.9751806  -0.8625728  0.011384539  -0.15982616  -0.45706284  0.18255854  -0.04643128  -0.15410458  0.15606482  0.21331164  0.11849706  -0.105470896  0.04761558  0.5998866  0.19542547  -0.1511434  -0.24458161  0.15698785  0.017969985  0.38503373  0.45726496  0.18822464  0.23594278
0
0.38791823  -1.4791248  0.7828234  0.5891344  0.15521646  0.22981654  -1.1095  -0.49769935  -0.07290262  2.4029026  -1.4048676  1.4695667  1.1496372  -0.68126875  1.1632663  -0.37378174  0.4741669  0.783439  0.096875705  0.3225763  1.3789184  0.9629267  0.60567623  0.68300325  -0.32455742  1.185668  0.8032633  -1.3123778  0.3280991  -0.18718192  0.19281612  -0.79590803  0.7857956  -0.24364382  -0.40515217  -0.3438757  -1.1496122  0.97326714  0.23824783  0.31908312  0.28118056  -0.07672595  0.7353176  -0.38628554  -0.9062762  2.6419353  1.4834396  -1.0540338  0.72788537  -0.8762882  0.05248999  -0.7073998  1.1506344  -0.5314299  -0.39985958  1.835441  0.26229483  -0.42802155  -0.18710592  -0.7229252  1.0405773  0.76172924  0.15544988  -0.20115179  -0.2432477  0.33597583  -0.2977098  1.5571036  -0.36968654  -0.23736234  -0.6066303  1.0091983  0.27546483  0.21429022  -0.6057975  -0.053765677  1.2788552  1.6286886  -1.2363119  -0.21400777  0.25861502  0.16275251  0.9386504  -0.4254179  -0.37487832  0.15460259  0.039768748  0.19990024  -1.4761691  1.0397257  0.24828574  1.9128594  0.495983  0.4566311  0.08402373  -0.7820711  -1.3513898  -0.64337075  0.93258864  -0.2145044
100 1 1
2
0
-3.1418545  -8.503856  -0.21977046  -0.91020167  2.6376898  -5.5731397  -0.96586645  -5.6503096  -0.9304244  9.020419  -1.3304043  3.8596747  2.7315354  -3.3326368  -5.033232  0.9040037  -5.1351714  2.1692712  -1.1849929  -2.680459  -0.76969576  -2.596028  -2.7121856  4.603213  -5.140196  6.178596  4.566128  -5.2860746  4.5338726  2.8997705  1.5758454  1.8457853  4.5418053  3.9675245  -0.1506876  0.91993725  1.587153  4.1575785  0.7188157  1.4636176  -1.1725171  1.1095878  -1.2963309  -2.6979778  -1.2667667  3.2460122  1.7821256  -0.9052297  3.7591438  1.8974544  0.048276328  -2.425794  2.3666742  -2.8629127  0.46529374  2.0685248  1.9966048  -4.86347  0.57001364  -2.447977  2.9374366  1.2306582  -0.51889205  0.76471883  -1.1736007  -0.95853114  0.9130079  -1.8110434  0.23485868  -2.6220365  0.46201694  0.20307793  -0.7835127  2.5493965  0.11926097  1.1359277  1.2977616  4.6799774  0.29366946  -0.8352636  1.555248  -0.43053928  1.0887895  1.1133512  0.40990016  -0.92371726  3.4726765  2.2439435  -0.94495404  -3.1090875  -2.1032672  1.2436826  0.7452931  -1.700218  0.9159378  -0.43193355  0.87402236  1.0895274  0.51104116  0.077198416
100 4 1
3
0
2.0521388  -4.137909  -0.6892515  -0.7290498  9.011819  -5.4274282  -3.4567769  4.6387205  -5.73506  -0.54282  2.208377  7.269555  4.1117916  -2.0296624  3.4843574  -1.3572825  4.974515  7.1195264  0.9959913  -0.47667536  0.8462859  -0.73691636  -0.023766913  3.060376  -3.235129  4.922815  4.226053  0.4549116  0.36822572  0.92754817  -2.8831272  -1.8571682  1.1157271  3.4907339  -4.2872314  -5.3017654  -0.6219495  2.2186978  -1.9563007  2.1492124  1.7861245  0.25691766  -1.8204064  0.012719285  -1.6052965  7.661043  5.921534  -1.4195851  5.157683  0.8883865  5.2541122  -1.462378  5.2553678  0.15374017  0.6472382  5.1261253  2.5441685  -1.5072314  0.9067168  -2.1974988  3.2070973  2.1516755  -1.520207  0.69565415  -2.7652433  0.7009455  -2.6471872  5.0566916  -1.659332  -1.5592337  2.969786  -2.0799482  -3.351723  1.0140295  -2.9944508  -0.49489275  3.8313017  7.6820407  -0.7935164  3.120314  -1.6854894  0.8100029  1.2791125  1.9744337  1.8773389  0.02498918  -1.69472  3.206487  -2.9319422  -0.08062895  -0.76823  4.527839  1.9246676  -1.6412476  4.3888326  1.2706428  0.7036269  -0.3198231  -3.9264994  -1.8102535
0
-45.851513  -47.437542  20.302643  -1.0556818  21.26293  -8.482229  10.540483  -13.148  -6.7091436  37.412014  -9.5360365  10.854305  4.6152315  -15.059187  -15.569204  -8.828927  -10.741935  2.7082188  0.47401488  2.4565928  -5.2176814  -4.9463763  -16.249174  -0.29596975  -34.52492  19.157526  4.1425414  -23.245426  10.930286  7.815302  -3.4468176  11.945731  35.79983  24.41367  4.1838183  -5.9988985  9.821804  20.010832  -3.0395274  26.676382  -22.818197  23.641016  5.91745  9.471426  -0.9727061  -0.9510592  3.6337664  -0.022591464  18.998016  9.642372  -0.3628281  4.2474227  -0.51265883  -15.407943  -13.36231  5.18009  11.4244375  -5.237561  2.18344  -2.102327  7.601407  -5.444703  -21.674404  -7.425988  11.868256  5.7542315  0.018372573  16.529297  -23.120066  -18.001238  14.578798  1.9488094  -2.742934  9.729536  11.668938  -5.3620386  13.244437  -5.8195605  5.693002  -1.047748  10.03415  14.269727  -14.490821  13.986014  -12.711237  0.7701988  -3.6518877  18.976408  -11.674879  1.784003  -5.104557  -1.436282  -11.8733425  0.005670171  5.68379  7.7747226  -13.864038  -2.2526162  -11.318086  17.122633
0
-0.18281594  -0.5530483  3.4077513  0.8798782  5.520769  0.5810493  0.61214966  2.50007  -2.8382628  0.57041126  -1.3630059  4.8234835  4.467177  -2.22015  -0.37565082  0.3667726  0.70560104  2.519517  2.4202375  1.4629824  1.1802719  3.132995  -1.3848603  -0.40318546  1.58408  0.73688585  0.026503148  -1.0592271  1.4411074  -0.56401354  0.86934054  -0.86395174  1.0057788  1.8703573  -2.2328122  -0.16270316  0.26648384  0.1581785  -0.5339572  -0.4517155  1.4092504  -0.57566696  0.9209925  -0.02217187  -0.354006  2.5706434  1.622179  -2.3019197  0.49951243  -1.7544132  1.9718794  -2.3748624  2.7801707  1.2062807  1.2581477  3.5095408  0.30346054  0.36162722  0.033911318  0.85644996  0.24771892  -0.23327388  -0.71633506  1.834022  0.7138712  -0.47320336  -1.0266823  0.6888572  -1.4322959  -0.1974921  0.90720034  0.52257377  0.80126274  1.0568343  -0.63494736  0.20563428  -1.524761  4.3383493  -2.906967  1.0147895  -0.9186798  -1.4644282  1.0209832  -0.14985177  0.27919737  0.57413226  0.39802969  -0.4788009  1.311052  1.2341074  -1.5399654  1.0114449  -0.36241794  -0.98269147  0.47316933  -0.34458008  -0.08942479  1.1349707  0.073112555  -0.90011847
0
-78.457184  -62.22684  23.50756  17.957312  13.746637  -1.7220863  -5.15738  -5.5802684  -12.757875  3.3843997  -19.17184  38.864098  -14.976001  3.833027  -11.8845  -3.263092  -8.771081  2.425859  -3.2053874  -4.6140957  -17.222301  6.184372  -35.051945  7.6943994  -17.146112  24.462124  25.460802  -14.382457  20.955845  8.204702  -19.568653  5.5738916  9.733496  16.199423  2.3984334  2.6595743  0.7783134  5.811974  12.013942  26.533695  5.2703385  -8.244327  -18.91505  10.345423  1.6470643  3.1892376  -1.9288304  0.5976916  20.041967  8.282794  -5.250297  8.523082  -13.454982  -7.8893657  -15.780835  -2.284209  -1.3190757  3.2950823  6.6231723  -8.852142  21.058287  -7.1848516  -16.557116  -2.150618  0.5309739  -11.5168495  3.629368  8.05198  -3.7224536  10.63862  -14.347459  1.9591571  -5.8696227  13.058289  -4.941131  2.2200742  14.607239  -5.3093  8.823067  -3.3535173  5.4408865  -19.155676  -6.712019  -1.0883852  -7.850352  -6.8970814  -16.468151  0.82065475  4.4113913  -5.5350165  -6.5866604  -14.589048  -25.243185  -14.524581  1.6391901  -9.07332  2.4762702  -13.496663  16.990088  0.93337303
100 11 1
4
0
-23.957294  -8.1282425  -9.656399  -5.3751593  28.765047  -2.3122256  17.681633  0.7899585  -8.232137  3.5662725  -16.575886  22.266691  -5.560029  -11.179198  -6.054984  -21.65232  19.861835  5.415826  -1.8743635  1.449342  2.4396124  19.222103  -16.234814  12.268166  -7.2703433  4.584001  6.468012  1.453953  5.473195  -8.799497  -5.176358  13.028263  -2.6438167  -0.016256437  -5.5768223  -5.5398345  1.0785167  -10.288082  -1.8539928  15.83868  -6.7857165  -18.572052  -20.867554  4.8316617  -2.4743342  8.924833  4.1085443  4.907845  10.894207  0.8297658  1.8625786  0.3283125  4.6613736  -4.2798433  -2.040709  6.9460216  2.375722  -3.0310671  -0.8547063  0.4827058  4.8901634  0.85473543  -7.275975  2.8076828  -0.18871287  5.2582774  14.456913  10.001956  12.685567  2.9734056  -4.815646  -4.354865  -1.1444051  -1.3318865  9.307331  -0.49973217  7.1446223  12.616161  5.338805  1.0603559  6.4611216  13.262463  3.5598876  0.83575624  -2.8633325  -6.1346498  0.65727305  -0.32598963  -5.272819  -2.5814123  6.9937005  2.9362202  -6.133227  0.39488572  3.9718945  7.5917554  6.134847  0.06317377  0.20617971  -5.830522
0
-0.86654645  1.741782  3.9642308  1.6520275  7.021439  1.4196322  0.2292886  2.243334  -2.1288884  1.7191374  -2.1918557  4.6568274  4.3030186  -2.0687125  -0.040224  0.09368109  0.17422059  2.1028507  2.180007  1.9635643  -0.3995746  2.4332197  -0.01313072  -0.018834284  1.0725483  1.4143211  -0.81371146  -1.9350302  -0.08016612  -0.5966774  0.8169243  -1.3788005  0.22613738  0.45950124  -1.7039832  -0.52255553  0.13454421  -0.6542737  0.31274134  -1.2414702  0.16887242  -0.31378993  0.5616526  0.32469052  -2.2318478  3.1961937  1.1993892  -3.359042  0.44968057  -1.3136576  0.035067238  -1.5786027  2.7325828  2.0617118  0.5040752  2.9664621  -0.16204245  1.3007612  -0.36951593  1.2199302  -0.009058745  1.0897706  0.12742737  0.8358275  0.052469596  0.09936396  -0.61591256  0.1165432  -0.97007656  0.14609374  0.13495377  1.3418353  -0.30882627  0.7938176  -0.96460724  -0.26256716  -1.3860177  5.9979854  -3.7896526  1.5520134  -0.36837718  -1.1250461  0.77388996  -1.0435855  0.2058603  0.5003822  0.13457076  -1.0194901  0.13049655  0.21125932  -0.5850107  1.7577449  0.9543845  1.0792954  -0.3983064  0.103654526  -0.26115122  0.4166938  0.44635302  0.6484477
0
3.4708905  0.75098044  5.617239  2.9943092  10.402383  2.6334293  2.9781473  5.8823075  -3.3396854  3.6809065  -1.8138298  7.4316726  4.0659347  -3.4897463  0.22571155  -0.7424495  0.8706337  3.4215357  2.564234  3.6520581  0.36763048  3.687691  -1.0299035  -0.1284258  1.5039862  3.7582011  1.635396  -1.4598842  1.7363821  0.19351023  1.9851977  -0.87810504  1.7719468  0.6411812  -0.051950693  -0.4425927  0.82340187  -1.427199  -0.7537715  -0.58025163  1.5486821  -1.8723992  -0.6271444  1.8872813  -4.893355  4.610516  2.2602823  -4.756972  0.7045893  -1.2987884  2.0558481  -3.4120817  3.7827163  -1.7660196  1.748732  3.71947  -1.1386287  0.91927475  0.60090303  -1.7846649  -1.0950154  0.96717083  1.4244134  2.2710376  -1.0741917  0.15895155  -1.2492037  1.3297176  -2.598832  0.43293276  0.81987286  1.1266458  0.9460469  -0.45410362  -0.5486214  1.0347334  -0.23560813  8.375657  -2.9277864  0.54057235  -0.1896055  -0.69168216  0.15763305  -1.3100381  -0.17084807  0.20667797  2.7355025  -1.2550724  1.6044946  0.47480175  -0.521911  2.7331545  1.9981602  0.8692734  -0.46555927  0.68445  -2.2384233  1.136443  0.11204886  1.8292607
0
-3.302932  0.943785  3.1817915  1.5243335  5.11724  0.27233645  -1.308555  1.3770581  -0.8859858  1.307028  -2.505949  5.6043587  2.5683508  -3.9906504  0.9736191  -0.25473  -0.24662021  1.4354943  0.993594  1.0627211  1.172413  3.3389652  0.9371048  0.31013778  1.2048432  -0.058629755  0.74050814  -0.5468314  0.25269687  -2.0131407  0.7504589  -1.8597467  0.18126614  -0.38065746  -0.8469563  -1.4457595  0.2934385  -0.52087516  1.0793194  -2.371515  0.056213427  -0.13092321  1.1538635  -0.4324923  -0.88037366  3.4097478  -0.82810074  -0.976109  2.9260015  -0.067558  1.8544854  -2.8420882  3.001127  2.355317  1.8632952  3.0555177  0.02077191  1.9265954  1.1343429  1.6870707  -1.421382  1.441681  -1.4064043  0.07639033  -0.9141042  0.7133546  -1.4934428  0.43625253  0.077427134  0.28338155  1.218126  -0.41335273  0.19130066  2.0341787  -1.0625885  -1.9823526  -4.1783934  5.015339  -2.968772  2.3593683  0.33763498  1.5377399  -0.59061056  0.15426748  1.6914918  0.10026606  0.4134465  -1.6865925  -0.9249965  -0.52105725  -0.5915748  -0.728819  -2.218636  0.83339834  0.5012403  -0.37693238  0.10971945  1.8400933  0.3490942  1.153676
0
-2.250536  -10.559275  -1.1519765  2.4439597  11.001722  -6.999143  -0.37214586  -0.8011226  -1.9170668  10.4190645  0.6336579  7.193245  3.719135  -9.063791  -4.156088  -1.8792408  -5.0355887  3.7148697  -0.495846  -1.4947824  -1.3101027  -1.3648777  -3.9879873  3.6527698  -10.750727  7.2779126  6.1405063  -5.6932306  4.2683825  2.340743  3.1785073  4.169507  6.5907297  6.6671987  2.3359373  0.6576296  2.424226  3.4354565  0.9082279  2.934667  -0.2668995  1.5107712  -2.8891988  -3.2124965  -1.6854898  7.8446074  3.2252371  -5.3171134  4.1780896  2.5232549  2.193351  -5.243552  5.0570836  -2.5159454  1.9243367  5.12598  0.079753  -5.124923  2.9865565  -6.210705  2.736499  2.7974675  -1.3538402  1.5892714  -1.6470362  -1.7232047  2.0278668  -3.4241617  -0.31046182  -1.2299979  -0.23135878  -0.910749  -0.09126945  2.0131238  0.4187063  1.0053926  2.0490522  8.943548  0.7367727  0.29825976  0.5929657  -1.9039366  -0.8816197  -2.4556172  -0.58658814  1.6967062  2.1786168  2.5521648  -1.9691455  -0.26145685  -3.0201886  2.108091  -0.22137482  -3.8201575  4.093726  -1.532505  4.791575  1.642179  2.8595617  2.0587096
0
0.34203264  1.4307125  3.0089896  1.295834  4.976008  1.1976228  0.6968252  2.3795848  -1.8129473  2.1149433  -1.9170834  6.241103  4.245689  -2.373971  0.16364522  -0.39357898  -0.5426259  2.4016147  2.6039548  2.4488857  0.03156573  3.0399232  -0.12210022  0.3875173  1.7074381  0.86220235  -0.48835135  -2.5935934  0.89215565  -0.47122386  1.5639377  -1.2514367  0.77086097  0.99768907  -1.1886684  -0.596852  -0.26457453  0.39098626  -1.0784655  -0.5865175  -0.3103098  -0.30191812  -0.1759361  -0.7032105  -1.1588753  3.8007472  0.86795735  -1.4731574  1.7095002  -1.7925926  1.2464186  -2.3451862  2.674622  0.07836762  1.4516578  3.460762  0.6422302  -1.3043933  0.123884864  -0.10347872  0.4865043  0.33907914  -0.40285152  2.249929  -0.96527725  -0.339805  -1.6692628  0.66074514  -0.08272075  0.4998417  1.6962587  0.3777073  0.86718595  -0.31721115  0.4652619  -1.2033597  -0.7062768  4.724059  -3.9013565  0.2513515  0.11419264  -0.5637326  1.0763452  -0.50810957  -0.82255155  0.14960898  1.0578407  -0.62254965  1.3164676  2.1520078  -0.72195876  1.2197988  -0.121961504  0.2819601  0.22838062  -0.4068073  0.108316645  1.2010223  0.44220477  0.0055153174
0
-23.957294  -8.1282425  -9.656399  -5.3751593  28.765047  -2.3122256  17.681633  0.7899585  -8.232137  3.5662725  -16.575886  22.266691  -5.560029  -11.179198  -6.054984  -21.65232  19.861835  5.415826  -1.8743635  1.449342  2.4396124  19.222103  -16.234814  12.268166  -7.2703433  4.584001  6.468012  1.453953  5.473195  -8.799497  -5.176358  13.028263  -2.6438167  -0.016256437  -5.5768223  -5.5398345  1.0785167  -10.288082  -1.8539928  15.83868  -6.7857165  -18.572052  -20.867554  4.8316617  -2.4743342  8.924833  4.1085443  4.907845  10.894207  0.8297658  1.8625786  0.3283125  4.6613736  -4.2798433  -2.040709  6.9460216  2.375722  -3.0310671  -0.8547063  0.4827058  4.8901634  0.85473543  -7.275975  2.8076828  -0.18871287  5.2582774  14.456913  10.001956  12.685567  2.9734056  -4.815646  -4.354865  -1.1444051  -1.3318865  9.307331  -0.49973217  7.1446223  12.616161  5.338805  1.0603559  6.4611216  13.262463  3.5598876  0.83575624  -2.8633325  -6.1346498  0.65727305  -0.32598963  -5.272819  -2.5814123  6.9937005  2.9362202  -6.133227  0.39488572  3.9718945  7.5917554  6.134847  0.06317377  0.20617971  -5.830522
0
-3.4636426  -0.16570953  3.570716  2.2479022  6.3783603  0.8481757  0.25265974  3.8521552  -2.5024087  2.6952984  -0.6942731  5.2485704  5.0552773  -3.0267115  0.82214487  -1.2846286  0.22831717  2.2480974  2.219218  2.10715  0.6514443  3.100623  -0.8144485  0.0051949862  1.3577329  0.2598609  0.073815234  -1.2568301  0.5881953  -0.07635294  1.2212422  -0.7844388  0.669758  0.8570628  -1.8323146  -0.167037  0.40146467  0.38801837  0.10575876  -0.24508771  0.14486463  -0.58535606  0.86954963  -0.24622108  -1.0571811  3.2921586  0.8315799  -2.4082913  0.77120364  -0.9544656  0.71970946  -2.268292  1.8966818  1.0346681  0.72184676  3.133415  1.5140432  -0.69471115  -0.07913156  1.7620499  0.27305526  0.73305374  0.06376529  1.4016508  0.64205885  0.3453105  -0.9910687  0.22396787  -1.5341539  0.539866  1.0804749  0.76732713  0.40007913  0.34269565  0.48427334  -0.47303307  -1.4704161  4.5790215  -3.1967533  0.33673087  -0.08386597  -1.4530156  0.08499367  -1.1903293  -0.2310024  -0.1790268  0.085496336  0.51204216  0.45500532  0.85581934  -0.28116533  0.22145407  0.10822223  -1.3591971  0.6212978  -0.21067482  0.2645777  0.34684238  0.17984925  -0.04589345
0
-23.441998  -10.420132  -9.294659  -6.439809  28.413511  -0.7467627  18.25806  1.8705758  -8.866042  5.4163547  -16.321785  21.077911  -5.7931023  -9.800463  -5.1045313  -22.337944  21.10033  5.962322  -0.17920537  2.7986174  0.7758921  18.04411  -19.053339  10.7944355  -8.039853  6.4209275  5.683458  1.8138552  5.318916  -6.5146494  -5.4094296  15.151914  -1.5711335  0.9641621  -6.711736  -5.8677998  -0.18885493  -9.509538  -2.869594  18.434153  -6.602892  -20.618576  -20.898521  4.7389154  -3.8982136  7.7672596  3.577026  2.7319078  9.054997  0.45476314  -0.49253258  0.09854032  4.3743343  -6.60056  -4.1390696  6.299648  3.683231  -6.949516  -1.9318899  -0.33035833  6.0283723  1.1159406  -4.854271  3.646832  1.2971656  6.5072556  16.03473  10.569299  11.288265  2.2988122  -5.515008  -2.4933455  -2.206922  -3.640652  10.368422  -1.4613928  9.441187  11.267003  7.391696  -1.3986884  7.076694  11.651665  4.4955387  -1.0617789  -5.209764  -5.089031  -1.1680818  1.4619161  -5.5003624  -2.2549636  5.077975  3.4195132  -4.692356  -1.7848936  3.0236921  5.4802876  5.4164166  -1.475988  1.1621176  -6.6235433
0
-23.957294  -8.1282425  -9.656399  -5.3751593  28.765047  -2.3122256  17.681633  0.7899585  -8.232137  3.5662725  -16.575886  22.266691  -5.560029  -11.179198  -6.054984  -21.65232  19.861835  5.415826  -1.8743635  1.449342  2.4396124  19.222103  -16.234814  12.268166  -7.2703433  4.584001  6.468012  1.453953  5.473195  -8.799497  -5.176358  13.028263  -2.6438167  -0.016256437  -5.5768223  -5.5398345  1.0785167  -10.288082  -1.8539928  15.83868  -6.7857165  -18.572052  -20.867554  4.8316617  -2.4743342  8.924833  4.1085443  4.907845  10.894207  0.8297658  1.8625786  0.3283125  4.6613736  -4.2798433  -2.040709  6.9460216  2.375722  -3.0310671  -0.8547063  0.4827058  4.8901634  0.85473543  -7.275975  2.8076828  -0.18871287  5.2582774  14.456913  10.001956  12.685567  2.9734056  -4.815646  -4.354865  -1.1444051  -1.3318865  9.307331  -0.49973217  7.1446223  12.616161  5.338805  1.0603559  6.4611216  13.262463  3.5598876  0.83575624  -2.8633325  -6.1346498  0.65727305  -0.32598963  -5.272819  -2.5814123  6.9937005  2.9362202  -6.133227  0.39488572  3.9718945  7.5917554  6.134847  0.06317377  0.20617971  -5.830522
0
-22.813915  -7.367498  -8.914293  -4.8857093  27.501534  -2.2990584  16.644564  0.76575994  -7.804798  3.343929  -15.822289  21.407633  -4.917038  -10.854515  -5.7682657  -20.328022  18.622736  5.143197  -1.883785  1.3284705  2.5224183  18.474892  -14.974764  11.701419  -6.6845007  4.163283  6.157349  1.310441  5.171235  -8.634639  -4.791197  11.914267  -2.5746875  -0.16340014  -5.2595677  -5.2344775  1.0975268  -9.759857  -1.6479727  14.518626  -6.356183  -17.326618  -19.619308  4.552876  -2.2090113  8.743536  3.861158  4.753776  10.572457  0.77138233  2.0429196  0.15263698  4.593489  -3.6652393  -1.6332558  6.7213225  2.1440172  -2.4665859  -0.6003704  0.687636  4.4001913  0.8559704  -7.178718  2.6061053  -0.21265545  4.867027  13.3955765  9.371645  12.0882015  2.9065201  -4.393388  -4.2953444  -0.9198351  -0.9650261  8.721476  -0.40226984  6.2117825  12.334724  4.5965347  1.3147849  5.9816127  12.686486  3.263406  0.96050185  -2.3601906  -5.8667  0.8304357  -0.51162875  -4.9428763  -2.5328906  6.778261  2.6358705  -6.069481  0.569296  3.8773093  7.3109217  5.869783  0.32548544  0.1117038  -5.410212
100 8 11
5  6  7  8  9  10  11  12  13  14  15
0
-1.8055015  -3.6313193  3.3791652  1.1485287  9.707935  -1.9555653  4.425579  2.1071482  -3.8328593  4.1142163  0.23599155  6.5476756  3.709911  -4.4338093  -0.74065715  0.10847496  1.397027  2.401217  1.07819  3.5131066  0.785406  1.9483335  -0.13877295  -1.0000006  0.8536918  1.4872249  1.6654285  -3.7380707  1.229306  1.0055851  0.66166383  1.2144119  3.9508307  3.56579  -0.25312662  1.0732435  -1.3359003  0.2845993  -1.2980063  -1.1785192  -0.16723268  0.36329728  0.7874133  0.5174734  -1.995636  8.984168  0.15221182  -2.2058985  0.4485245  2.0285666  -0.9229411  -4.5734186  3.7714844  0.4839425  2.184398  3.1308029  1.3351812  -0.6642547  1.4610505  -1.2211962  -0.5879784  1.5593581  2.5482576  2.0943084  -0.15482816  -1.122506  -1.1492112  0.73589087  -0.81164443  -1.8049647  0.33614242  0.4998891  3.2456987  1.0073342  0.25732243  -2.3437364  -0.9319333  10.053272  -4.4985824  0.945524  1.3774147  0.21298097  -0.3013867  -1.7456678  -0.0751208  -0.26074815  1.2808486  0.63071036  1.1561979  0.46497285  -1.6030722  -0.7108042  2.1809156  0.016394328  -1.7535858  -0.5117489  -0.27273118  1.5918988  -2.0195336  0.76742846
0
-1.1159348  -2.784784  4.2746325  1.6003505  9.672687  -1.736691  4.2659407  2.6232016  -4.1160145  3.9554641  -0.1443574  6.4875374  3.9626865  -4.533278  -0.3259109  -0.40349218  1.4221224  2.2578034  1.2185245  2.8844948  0.5933192  2.6387973  -0.66626275  -0.8983925  1.2786338  1.3433754  1.8291413  -3.74594  0.877391  0.792653  0.6053879  1.3625242  3.6960578  3.2541878  -0.64681464  0.7513017  -1.3192631  0.2800159  -0.94380856  -0.9929381  0.24359278  -0.14385615  1.0465462  0.50943184  -2.060432  8.86471  0.33063054  -2.5098639  0.3913737  1.7391074  -0.82271385  -4.5314612  3.611956  0.9230613  1.772941  3.0781353  1.6431923  -0.9963048  1.0229428  -1.1812948  -0.70336086  2.0395143  2.4074001  2.1441317  -0.29233027  -0.9206616  -1.2622125  0.59584165  -1.006596  -1.5575622  0.34098524  0.36899593  3.0659602  1.0664175  0.13553609  -2.2112124  -1.0859348  10.227515  -4.5979857  1.2205187  1.3843516  0.24329066  -0.74499786  -2.1982176  0.05615077  -0.44904372  1.479572  0.29334393  1.2514251  0.48207098  -2.0567  -0.33346665  1.8837839  -0.1400485  -1.8174331  -0.29485664  -0.027315816  1.6618056  -1.4895728  0.52212
0
10.093106  4.7313027  4.933983  4.0253  12.285312  -0.5266573  2.575534  3.362948  -3.5676174  4.861916  -0.5685989  5.6859202  4.022361  -2.3312936  -2.1529238  0.9318164  -0.18759646  0.99210083  6.01719  5.5046425  -1.3171684  7.1808324  -0.15389252  -2.2851195  1.4054306  5.519353  0.038631335  -2.8712811  -0.8243111  -4.1754003  0.40712136  -0.8495115  4.465968  -2.7012837  -4.9055896  -0.96133244  -3.0837493  -2.9251745  -1.0719876  0.6962641  -0.14169332  -1.609616  0.8509994  1.2662354  -2.941926  10.204547  5.2942963  -0.5539377  -4.8732834  4.16487  4.16371  -0.4785661  8.290573  1.7472291  2.92268  6.16519  4.031195  -6.0786843  0.30022678  0.42074257  0.57849175  4.5302978  6.4095716  3.7137482  -3.728719  0.42119265  -1.2201746  -1.7911946  -3.7016313  -1.9789734  -2.448823  -0.672009  3.6907172  -0.6409093  -1.1441464  -6.4686317  -1.939852  17.706743  -5.210626  -2.7267435  -1.9233989  -1.0814285  1.3324997  -2.1244705  1.8686429  2.6908276  3.0610135  0.119837016  6.237358  0.35100707  -2.6171222  6.3032284  2.1490214  0.08416049  1.9642715  0.3241462  -0.30157053  0.258855  -0.33225244  -2.685191
0
10.177893  4.8082905  4.8807626  4.2160897  12.270967  -0.41923702  2.5667884  3.4070444  -3.4212904  4.6331797  -0.6827575  5.7408338  4.1832285  -2.43409  -2.1452253  0.9369953  -0.15529184  1.085691  6.158638  5.431078  -1.280638  7.0962777  -0.103807956  -2.3273292  1.5273772  5.4568925  0.100381106  -2.9723682  -0.65775627  -4.1515465  0.41453803  -0.98597664  4.6029387  -2.557347  -4.798324  -0.8901968  -3.021217  -2.8835166  -0.9554181  0.69398975  -0.0995201  -1.4853294  0.8447482  1.1622443  -3.1027098  10.274151  5.461022  -0.504722  -4.9908643  4.3176622  4.1671352  -0.3404881  8.336616  1.7517846  3.0293465  6.2239943  3.99132  -6.0915613  0.30566192  0.24794914  0.6548207  4.551547  6.563497  3.6212132  -3.5721471  0.2914339  -1.0327654  -1.8288746  -3.6275973  -1.9800816  -2.470965  -0.5368725  3.711049  -0.75248975  -0.9905031  -6.5075483  -1.9166161  17.77216  -5.2726803  -2.7392788  -1.9489962  -0.9698359  1.3579365  -2.0060205  1.8509209  2.664939  2.9289594  0.043376643  6.301483  0.48248902  -2.6493788  6.2754173  2.4695454  -0.005414825  2.0493631  0.44742048  -0.18297607  0.25079986  -0.315348  -2.6605585
0
6.4887843  3.039878  3.0098963  3.002266  14.86888  -0.55713356  4.80976  3.255484  -4.233472  4.792123  -2.6671653  7.884773  2.7805254  -3.426724  -2.74603  -2.1579082  2.6655233  1.7089267  5.6198297  5.283932  -1.1116073  8.791788  -2.6691306  -0.66146237  0.25269905  5.8711905  0.9068628  -2.5075405  0.1316421  -4.6632423  -0.4165256  1.2564126  4.0289526  -2.1982825  -5.205896  -1.5583938  -2.7503426  -4.0020213  -1.2433747  3.2631788  -1.0548581  -4.0941668  -2.1028366  1.7284873  -3.3765469  10.393246  5.664198  0.0547387  -3.5216267  4.154012  3.7999346  -0.080389455  8.161106  0.6272849  2.2181878  6.536733  4.1395555  -6.5238748  -0.065865666  0.0145267695  1.518367  4.293271  5.4973903  3.7864077  -3.2938414  1.074766  1.281841  -0.28345206  -1.7960218  -1.5569639  -3.1198678  -0.8600218  3.1162376  -1.222533  0.414002  -6.2019353  -0.21369052  17.738903  -3.686795  -2.7653298  -0.8143523  0.6950009  1.8533386  -1.9390615  0.94407153  1.7402799  2.5600734  0.22288701  5.1198196  0.22437254  -1.7309489  6.3825703  1.8233147  -0.18486464  2.2997415  1.279706  0.5730024  -0.0629683  -0.16930227  -3.3607938
0
-42.632565  -20.553764  -21.77747  -13.369538  49.402504  -2.5272923  34.6205  1.1852022  -15.2119875  7.197867  -28.884657  36.297977  -16.06219  -16.482359  -10.738025  -43.282585  40.10049  9.868747  -1.7204794  3.4235735  1.0871121  31.42657  -36.815643  21.525019  -16.839113  11.455728  11.542154  3.7979856  10.405227  -11.492159  -11.467337  31.223629  -3.7729316  2.3870926  -10.758659  -10.527332  0.7680198  -18.915743  -5.218982  37.39963  -13.80141  -38.914146  -41.25558  9.385164  -6.8079467  11.886018  8.149191  7.4243035  16.149431  1.7833599  -1.0829924  3.197676  5.7701454  -14.318369  -8.69579  10.616103  6.1602473  -12.250906  -5.008859  -2.8644972  12.893032  0.8345647  -8.864499  6.100118  0.20234926  11.648725  31.792078  20.297045  22.442562  4.0658717  -11.712543  -5.3270383  -4.812384  -7.3239317  18.876287  -2.0916138  22.381021  17.212954  17.462545  -3.0953174  14.2931  22.67005  8.402432  -1.201757  -11.081313  -10.511171  -2.1710498  2.7061217  -10.661887  -3.3739345  10.512541  7.841924  -7.1744094  -2.4538136  5.5167813  12.178705  10.464226  -4.2212486  1.7492864  -12.695592
0
-4.0486236  -4.4897904  2.6075578  0.3700704  12.296255  -1.3904129  6.439104  2.3802934  -4.1978893  4.9761567  -1.8985621  8.809474  2.2729182  -5.2574673  -1.5891967  -3.320606  3.7679834  2.9657748  1.0983785  3.3015501  0.838829  4.653125  -2.7845562  0.5267553  -0.33702457  2.2056918  2.2686238  -3.152091  1.6880134  0.18837929  -0.107774734  3.1371665  3.3808618  3.4309895  -0.7925274  0.20757139  -0.81701255  -0.91552806  -1.5930442  1.553265  -0.8275829  -2.8167768  -2.0330656  0.8605899  -2.3418906  9.237699  0.8243196  -1.7057071  1.7221181  1.6001986  -0.9119651  -4.0877104  3.7847877  -0.534894  1.5662457  3.6718104  1.5077896  -1.5602555  0.6640467  -1.263814  0.14217992  1.6893759  1.8642842  2.5146646  -0.1929889  -0.18054923  1.1630255  2.2759652  0.82544816  -1.3799869  -0.095334366  -0.08678573  2.6105914  0.38812622  1.2837518  -2.0191588  0.6933849  10.742746  -3.1543257  0.38544866  2.3121297  1.8654593  -0.038580578  -1.9079125  -0.6025594  -0.9564061  0.91572565  0.69701725  0.57740575  0.060967766  -0.84602314  -0.11862065  1.1842644  -0.09380896  -1.6129552  0.7169254  0.40508726  0.9721665  -1.4614605  -0.03987603
0
-26.809027  -13.229089  -11.897011  -7.7394524  34.17892  -1.4616431  22.357134  2.0691295  -10.437592  5.740211  -18.511662  25.245255  -8.28054  -11.376462  -6.518549  -27.492018  25.929335  7.1167192  -0.41543883  3.2489684  1.3755639  21.280045  -23.217339  13.551971  -10.038071  7.366274  7.2556953  1.547514  6.6653395  -7.2461557  -6.709126  19.0676  -2.2417133  2.0921166  -6.92929  -6.7339664  0.43195292  -11.831846  -3.3018894  23.313566  -8.664102  -24.929575  -25.625107  6.006748  -4.7200823  9.226635  5.5063314  4.059444  10.461266  0.9759166  -0.5154803  0.57519114  4.252604  -8.496442  -4.560579  7.880901  4.2042294  -7.8066025  -2.8363492  -1.4166338  8.174465  0.91744  -5.076705  4.2870774  0.33354703  7.1139436  19.615181  13.103951  13.962202  2.83643  -7.210232  -2.820801  -2.5843902  -4.559212  11.477701  -1.625024  13.539262  13.362976  9.280087  -1.6993595  8.778871  14.348009  5.0304103  -1.4457076  -7.2454343  -6.5851564  -1.2403352  1.898079  -5.8780465  -1.7168584  5.948167  4.77019  -3.9905114  -1.7068741  3.078256  7.730433  6.8110957  -2.3713198  1.0027821  -7.7085567
100 1 1
16
0
0.006560497  0.0675468  0.029553853  -0.033486053  0.077294864  -0.10330106  0.053155527  0.12619318  -0.150089  0.11416456  -0.054121308  0.2191034  -0.028496508  -0.22895092  0.10189454  0.1030017  -0.02848071  0.07428161  -0.051975355  0.07617397  0.07704911  0.060792074  0.05487516  0.043956965  0.12539689  -0.042313896  0.030573068  0.006222858  0.018051174  0.029749442  0.06139581  -0.045786772  -0.011032873  0.0046808636  -0.04409691  -0.04715039  -0.07255258  0.07592982  -0.07019608  0.06447225  0.026385896  -0.051138334  -0.031630162  0.021847073  -0.02925667  0.21938145  -0.05530178  0.046484705  0.115990505  -0.018403996  0.050483033  -0.28695944  0.040777083  0.0154617485  -0.09525586  0.07023427  0.080507606  0.007886205  0.08354676  0.060167834  -0.05036077  0.093368284  0.1354358  0.0015791636  0.07905682  0.040393546  -0.045816213  -0.003872011  -0.031548586  0.06741083  0.034923784  0.03940346  0.061495274  -0.023180557  -0.010180373  -0.04764927  -0.10226742  -0.023470951  -0.010259254  -0.06336703  -0.005222589  -0.042270012  -0.0150219165  0.016983096  0.004272491  -0.0075461753  0.061416946  -0.1423093  0.075958766  0.08270643  0.02533077  0.040054295  -0.03212317  0.06336425  -0.031018628  -0.027219124  -0.058009554  0.054718584  -0.033629403  0.096326284
100 2 1
17
0
1.4941243  -1.4250604  0.31003267  0.29156205  0.12292205  0.2655639  -0.08137416  0.5348976  -0.63702667  0.6220205  0.63957906  0.05659389  0.49602914  -0.6423822  0.039571244  0.5236484  -0.13199025  -0.14921713  -0.21016392  0.21319166  -0.02865146  0.056089744  -0.19501555  -0.31633198  0.60580355  0.41947386  -0.54408467  0.0073321015  0.68611485  0.34808132  -0.5193329  -0.8227136  -0.7286189  -0.6766773  0.5843577  -0.08336021  -0.11168749  0.369218  -0.61039436  -0.52472275  -0.59809905  0.49495754  0.21281618  -0.4135463  -1.0102192  1.0094392  0.5536695  0.070761785  1.0706531  0.4098973  -0.04712158  -0.52220815  0.93326515  -0.48646712  -0.46159863  0.45020702  0.6483527  -0.47423205  0.5766588  -0.36572447  1.1019183  -0.044132482  -0.09985581  -0.25505394  0.38807702  0.6930542  0.63548493  0.35324287  -0.20751843  0.22406982  -0.5904943  0.17048904  0.31885022  -0.12409498  0.46714124  -0.20106223  0.29828066  0.58493656  0.62589884  -0.2635898  -0.4939684  0.7605469  0.010195387  0.08040732  0.5046117  0.1600191  0.22337303  -0.10482476  -0.1279464  -0.25680503  -0.4185182  0.5673796  0.25225183  0.45989886  0.60231215  -0.0749556  0.2890581  -0.052462198  -0.061034635  0.2542686
0
-0.115831435  0.011533598  0.4359237  0.23922627  0.41204458  -0.0982872  0.029197924  0.38506913  -0.2641556  0.72927094  -0.2299029  0.62189364  0.43121383  -0.5255257  0.2675716  -0.1641208  0.12121636  0.50389314  0.086841345  0.33346492  0.27551422  0.4888457  -0.27355668  0.23405108  0.14454387  0.14981873  0.024119722  -0.2384367  0.13008848  -0.07655194  0.008509654  -0.27490354  0.34676045  -0.04707423  -0.542154  0.07496198  -0.08392585  -0.0065022316  0.142447  -0.31567678  0.048342913  -0.26046032  0.20208499  0.15024506  -0.033391427  0.41900757  0.095674895  -0.16942227  0.4197462  -0.14458822  0.109114796  -0.5874184  0.0031451103  0.29281422  0.048316006  0.5927739  -0.015665881  0.0605463  0.44626927  0.06712153  0.13391249  0.09474024  0.24157205  0.13469869  -0.11011997  -0.2072789  -0.4297219  -0.1787613  -0.14878987  -0.1519542  0.17429732  0.15631068  0.014996482  0.042749286  0.05770619  -0.19005239  -0.37183583  0.4249783  -0.53098434  0.33165237  0.011166272  -0.038319107  0.0790385  -0.1400325  0.27109385  0.071368195  -0.23018256  0.1070219  0.28791705  0.15178092  -0.383846  -0.21781252  -0.036624342  0.09778757  0.075679794  0.059208978  0.15056103  0.46788275  -0.08925994  -0.12133095
100 2 1
17
0
2.7581737  -2.7781067  0.41179892  -0.88436997  1.6273218  0.24723618  0.1499023  -1.8317451  -1.217288  1.1683416  -0.21699426  2.3226705  -0.36891407  -0.9182981  1.2152176  2.5439975  0.59503865  0.25890148  1.3172498  0.41114426  1.6690013  0.34024358  1.2542813  -0.06081236  2.1171186  -0.3048577  -1.698856  0.52624905  -0.08404085  0.123116195  0.30915567  0.08984488  0.14576684  -0.1186138  1.0047011  -0.32016054  0.20725727  0.92841196  -0.6474341  0.25335273  0.100716434  0.21938582  -0.058130354  1.2733827  -0.15040618  0.7848083  3.2863233  -1.727374  4.296478  0.363012  -0.9373304  -1.1930107  1.0241895  -1.9123757  -1.4506295  0.46444786  0.35798228  0.5923957  1.2467456  -0.6976577  1.8223802  1.0092518  -1.3939685  -2.0575724  1.3759327  1.0164984  1.692214  0.5242357  -0.820784  0.077509925  -0.23096588  0.5481453  -0.1738776  2.197424  -0.52678365  -0.18511401  1.3345757  1.0134814  -0.3855014  -1.0572062  -0.6594124  1.2211822  -0.5571394  0.25563544  0.5542311  0.095448054  -0.08105685  0.53728455  -0.8235  -0.050819825  -0.42677075  0.50572246  0.8098781  0.43613872  0.2674935  0.6857011  0.23200642  1.3608825  -0.06043464  -0.29236487
0
-4.6094975  -2.3740442  -2.3573234  -1.3976036  5.406817  -0.25690114  3.731482  0.22095843  -1.6725231  0.73300624  -3.1445372  4.0837355  -1.7815204  -1.7514423  -1.1216694  -4.755976  4.408772  1.0914387  -0.19262537  0.33649805  0.14212693  3.4646778  -4.0471516  2.386117  -1.8642261  1.2414842  1.3065671  0.3420081  1.2022333  -1.1884102  -1.3587526  3.4651334  -0.54228014  0.3080512  -1.2281927  -1.2503716  0.12175095  -2.0971038  -0.60367346  4.0580416  -1.5044378  -4.2387557  -4.5174003  1.0230434  -0.7893206  1.380228  0.94789624  0.8099831  1.8638191  0.21378681  -0.08227832  0.37245047  0.6680089  -1.6467218  -0.97314554  1.221927  0.6606158  -1.405338  -0.51499087  -0.32759196  1.4752805  0.13427913  -0.96491265  0.62604046  -0.010436496  1.3280424  3.4459476  2.2176929  2.488919  0.46002913  -1.2740103  -0.5422685  -0.5057326  -0.785701  2.1034608  -0.24982737  2.519987  1.934248  1.9772646  -0.3215149  1.5699863  2.4752326  0.89878637  -0.10848857  -1.1389148  -1.2035285  -0.21011019  0.28182054  -1.2419876  -0.38235334  1.1768353  0.8836438  -0.71872234  -0.30349275  0.64619315  1.4033064  1.094695  -0.5150863  0.17046314  -1.4078914
