10 6 100
100 3 1
0
0
-5.608127  -2.759112  4.203836  0.7779289  11.170636  1.2884454  3.065966  4.335094  -3.357303  2.4151309  -2.1539788  7.843581  4.841382  -4.5533357  0.09961785  -3.6050673  3.4245183  3.6457665  2.5385265  2.2897878  0.32251024  4.7952094  -3.037196  0.7747801  0.6047823  1.4579583  0.4848298  -1.7262312  0.272786  -0.37648124  0.5665814  1.0523494  0.12926663  -0.5839989  -2.733547  -1.9227545  0.089705475  -0.6704256  -0.9393728  1.4016894  0.72633654  -2.7115886  -1.7292471  0.37059033  -1.3984908  3.930905  1.6114315  -1.8207625  1.8463705  -0.20266496  0.5004472  -2.9031203  2.3269272  -0.868338  -0.5737601  2.951036  0.8556859  -1.046406  0.041864015  -0.21673544  1.022706  0.98123986  -1.2156868  1.2575033  0.74072623  0.55779076  0.53370106  1.7053025  -0.68628734  0.47231874  1.3900965  0.01757681  -0.30770805  0.12532058  0.5636549  0.54112905  -0.4862604  6.0396314  -2.3556304  -0.28592142  0.80366474  0.69670844  0.9750198  -1.2038542  -0.4087388  -0.65143716  0.84475005  -0.064123355  0.14146066  0.17569715  0.38073435  0.39942095  -0.73690766  -0.29994172  0.7520806  0.56030095  0.46860316  0.930401  1.4044408  0.023336992
0
-0.64347655  -6.996397  2.1223953  0.045540754  8.118783  -1.6106724  3.9634998  2.257318  -2.4981816  0.49288434  -2.0084667  3.6610804  1.4256288  -7.051234  -0.6652542  -6.6764073  5.115082  4.4077635  -2.2275338  0.35469815  0.525847  3.4457922  -5.603473  1.0363779  -0.8057789  1.6145183  -1.2086453  2.078619  2.861509  -0.809466  -3.8181806  0.9284208  -2.8393943  -1.4708636  0.77803266  -2.3798642  -0.1173171  -1.282871  -3.030618  4.6237307  -1.3334051  -1.0440062  -5.094067  2.8219025  -2.5171206  5.6736236  2.6896682  -0.38438022  8.483255  2.9449296  0.6292251  -5.151013  2.8781848  -4.942355  -3.2662168  4.692784  2.0667315  -2.8519034  3.2197442  -2.8820353  -0.10512992  0.3831208  -0.5507824  0.31666836  0.27510697  0.2886164  5.1902776  2.4305363  -0.9708909  -1.1480435  -1.1675068  0.7255805  -3.0092013  0.46850708  3.5537186  -2.4584925  5.159159  6.1629596  1.0836139  2.3584414  -0.80251604  1.8677896  -0.49316534  1.6624625  -2.238164  -1.1087493  -1.9512329  1.2590506  -3.4420853  -1.720391  2.9566286  3.9621763  -1.2498697  2.191272  3.3694708  0.89683926  2.3220956  0.5203811  1.4849218  -0.79629236
0
-7.580833  -2.5583868  4.561548  0.86197895  10.221444  0.47499678  -1.0403731  1.7705736  -2.9736123  3.3846924  -1.1129743  9.561919  1.9791495  -3.3356385  0.003983833  -3.430858  1.6557713  4.614906  1.6718166  1.4729844  -1.8152326  4.338315  -5.492793  1.1875503  1.2570796  1.1483486  0.34114712  -0.7306078  1.4072456  -0.63526434  2.344477  1.9162899  1.506406  0.34488454  -2.115179  -1.6959695  0.33614987  0.28457674  -1.4685949  0.8230728  1.5735343  -2.1619163  -2.8887956  -0.65992343  -0.08041904  3.810722  2.7195218  -2.057406  3.1693156  -0.23493035  0.45392907  -3.391234  2.1934042  -0.091025025  -0.3727799  5.425469  0.15389754  -0.716153  0.9663044  -0.3843991  0.69377935  -0.3245272  0.22336937  1.6034247  -0.8375381  -0.2607987  1.1892179  -0.08649292  -0.2399342  -1.4268832  0.70177525  0.5602774  -0.17055085  0.5022945  0.84375405  -0.008261576  1.4733478  5.7545867  -0.5065415  -1.1234542  1.2706156  0.44623527  1.886493  -0.81077987  -0.84577805  -0.8042756  0.5157538  -0.31168553  0.15015173  1.2305645  -1.5727922  0.6603143  -1.1366655  -0.09534669  0.84973156  0.87352  0.11462398  0.4054743  -0.3037945  -1.2876176
100 4 1
1
0
-82.38714  -58.272995  73.97911  -7.7021327  92.573006  21.431566  29.778524  5.7586365  -1.8646277  22.73911  19.123173  40.35504  12.391353  -29.27664  -11.538904  -27.272106  -9.0290365  19.168598  -9.124316  19.340027  -4.642531  -31.761038  -48.779617  19.399366  -5.690455  43.76248  16.763336  -11.159468  -11.849582  35.46975  3.5567927  71.83745  14.919391  -6.04556  -17.964254  -14.560984  8.089104  3.149121  -5.2468166  39.694733  13.210486  -1.6477426  -17.051853  26.748896  18.643648  7.081512  11.694224  14.579886  23.928429  31.283283  -0.2292333  24.37372  18.45767  -40.138844  -25.705421  15.834996  -4.3455873  2.9320889  2.7479465  -4.7966423  21.297033  -2.7993727  -20.290117  -17.697811  5.8501124  -0.39860457  14.491063  7.510797  -13.119345  14.394682  10.667607  -10.562543  -31.469933  17.555199  8.579111  -3.8072171  57.619553  -2.945801  29.684551  -9.69214  9.036648  16.595388  -7.5306206  -33.98485  -24.582794  -44.784466  -4.5255065  11.119461  13.110422  2.8427765  2.6720734  13.477363  -11.092178  -26.641525  18.30359  2.5523875  -6.7017183  -6.596625  -1.1216612  -5.8279295
0
-150.6122  -113.65141  18.835655  1.2529898  82.29618  16.518963  38.950577  -6.3607373  -39.824524  8.95402  6.326015  51.6845  31.512564  -42.479836  -13.535499  -50.785004  43.725903  10.059254  35.07807  -22.473097  -49.693684  -36.509754  -32.059826  39.498543  11.769187  6.8837395  69.38926  -34.789318  3.641261  57.82243  40.548267  46.13031  16.179249  -20.374357  -83.88265  4.5979385  -3.819601  40.08027  55.44986  23.749283  12.750805  35.297882  10.219214  33.229095  22.647573  1.1416323  17.896015  8.254517  33.106094  24.420036  -9.926586  3.031495  -7.8937087  -31.248857  -16.329151  0.9866811  5.5781293  -4.769024  4.5899925  -5.137564  13.391494  15.495271  -13.433543  -21.199017  18.682432  0.39075124  -69.97982  19.871988  -27.249516  32.879795  39.755142  -11.217009  -20.449766  -13.8915  20.10036  -6.154527  25.624153  -32.418476  36.026142  18.20045  -25.223728  -17.662521  -66.51538  -16.982454  -1.6588482  -6.8855715  0.4718127  14.716718  4.244796  -2.4333658  20.664639  24.31759  -7.2745337  52.631844  29.20931  29.851982  3.3206441  20.457748  -6.0619884  -5.293756
0
-43.96591  -34.756004  10.361422  -40.353443  45.080566  69.558464  -15.818535  -19.60302  14.637805  15.7641115  17.661251  -0.5758553  39.13251  -24.109806  42.804226  -15.526428  28.42429  10.4950695  -27.289598  29.463654  -11.626023  28.101246  -14.2584505  10.836063  -15.4905615  5.9156237  2.5769856  8.721826  -14.809287  50.63838  -0.24234565  -4.4848185  -23.725271  -10.803685  -33.794876  -4.6792235  14.714537  -29.503372  -9.508954  1.9381173  -28.395382  -39.296394  -1.9959588  7.268726  -9.664713  -3.4662635  22.737135  1.0110385  34.178764  34.44244  1.8683064  18.59451  3.6943123  -32.538063  -19.874056  13.8484  24.00854  -22.717125  7.2332067  2.337837  -15.367421  -6.1384964  -14.395174  -59.855255  -9.305992  11.187934  -5.1087837  -0.639459  -9.076697  -6.9288564  16.030544  -9.784435  -32.7823  7.5912175  21.126997  15.214847  67.01354  -1.7635453  27.31058  -3.9011295  -8.767274  29.635277  -11.098803  -3.8463292  -8.590166  9.230668  -13.461701  19.473612  -17.443804  8.4482355  41.243404  23.211031  13.701044  58.50627  43.287624  -6.1070585  10.082711  -14.615103  7.421624  -12.070603
0
-49.261105  -65.54055  -1.4248557  1.5685644  81.41614  24.87219  1.5932336  -7.6900253  -16.24436  4.025767  5.509219  -4.7370443  15.572302  -13.071481  -0.27050442  -10.018999  25.815645  22.595074  -5.6764565  10.490543  16.126099  34.252636  -34.908844  10.232494  -16.469883  15.165464  -14.537629  -15.675213  -41.04006  30.491909  -8.488185  25.053677  -14.328298  -17.844635  -16.53718  -13.920488  16.186737  7.2358837  -26.226023  20.854172  -8.24618  -10.707599  -0.31874564  14.15369  0.7011719  -11.004374  34.587055  0.38093546  24.76599  38.327984  20.42454  -13.4174385  5.2497625  -34.970913  -54.80695  -10.243593  8.007868  -28.575829  18.02979  -9.63192  12.156609  -17.2347  -26.185484  -26.744167  -5.3893485  12.744557  -0.9730551  1.5469289  -4.815724  9.070767  1.2218239  16.417162  -41.525654  -18.127615  0.7895366  -17.42841  36.045654  -3.529109  2.3338215  30.403946  -6.7484803  31.105263  -2.9146028  -5.7277102  -10.203536  -4.96263  -4.152399  22.756239  -34.76251  17.534891  8.482209  30.882956  -16.1622  21.61363  25.679382  8.828557  9.369142  -3.1257381  6.5694003  0.83351284
100 4 1
1
0
-78.91199  -56.484898  66.77679  0.49212772  87.54717  28.38224  32.115566  11.484018  -1.7670685  26.449572  1.7813432  38.52259  13.762744  -34.28167  -1.5497358  -26.897795  -10.466528  15.816804  -15.004215  25.187616  -7.1306376  -25.26061  -53.090538  15.600297  -3.3214288  52.23398  18.539495  -5.011266  -5.0114937  33.804993  -2.4806843  65.177605  12.592017  -0.48028573  -19.817282  -11.557942  5.546153  6.697748  -5.2552924  38.143394  17.125282  -12.024265  -13.048612  23.454317  8.671211  0.64758337  11.79718  10.752868  21.161993  26.09698  -0.75985724  18.878874  11.884978  -35.972614  -29.327879  9.011954  -1.1657579  -1.148445  1.5613612  -6.5430303  20.081148  -5.6399508  -18.26875  -18.417017  3.5093272  2.1827505  16.467937  8.984017  -16.168861  8.748821  27.816128  -7.351246  -29.496922  18.63655  11.826327  -5.2969823  55.25205  -4.657887  29.82985  -9.435397  7.837151  18.021353  -0.07389063  -19.217361  -20.167547  -47.04482  -5.004065  11.540969  3.4042954  2.4369214  1.0029535  9.114242  -9.79323  -23.180967  19.290588  4.774325  4.284299  -2.0423768  -11.378219  -11.249541
0
-49.92643  -57.41729  -2.1268868  -1.0657743  75.835625  21.808878  8.993662  -4.5545135  -15.383112  6.374943  -2.7961943  5.829503  9.507941  -15.601318  -1.4188896  -16.15614  26.95934  19.722656  -5.477297  11.745683  12.628016  31.873234  -36.489258  12.212638  -14.99981  18.008629  -8.641107  -11.046644  -30.171133  23.61009  -8.014764  28.002651  -11.811444  -12.671161  -16.2614  -13.426996  13.021029  3.4165282  -21.450747  25.625479  -7.189055  -17.149979  -7.300533  14.109068  -2.2868  -6.761731  28.800688  1.8832667  22.099686  30.330378  15.211041  -9.016207  5.032822  -30.497107  -45.8159  -5.8918214  8.140555  -23.906424  12.351798  -8.199962  12.773883  -14.476647  -23.401363  -20.68078  -3.9409142  12.754052  6.240063  5.513075  -1.222904  7.1477776  2.7662597  12.676572  -34.29361  -14.129526  5.565325  -13.558657  34.19994  -0.3086933  6.7387342  21.50623  -2.659563  29.715082  -0.25357366  -3.989971  -9.955135  -8.740621  -3.6425786  19.026323  -29.776983  13.976366  9.023094  24.951418  -13.294714  15.835086  22.07134  9.40098  10.322181  -3.2728772  3.569005  -2.8659384
0
-151.86385  -114.05588  19.068264  1.4816172  82.497635  16.323751  39.681328  -5.602395  -40.02372  8.7466545  6.747904  51.9296  31.89481  -42.66161  -13.95586  -51.67626  44.032112  10.206295  35.229805  -22.59381  -50.308247  -37.266712  -32.81616  40.11849  11.791586  7.27034  70.477394  -35.408245  4.25721  57.74486  40.81136  46.38982  16.512892  -20.69191  -84.89163  4.8718433  -4.023958  40.143845  56.23774  23.922281  12.874058  35.81675  10.6586485  33.35465  22.460419  1.3140994  17.74665  8.547091  32.820396  24.353243  -10.257734  2.719047  -7.9451103  -31.093386  -16.141462  1.0339334  5.483656  -4.6117544  4.5569587  -4.8204565  13.06346  15.680943  -13.584685  -21.20969  18.796059  0.15004557  -70.83084  20.110361  -27.037989  33.47301  40.127007  -11.702606  -20.36064  -14.219484  20.340067  -6.305655  25.53709  -32.88593  36.49011  18.438969  -25.282516  -18.129015  -67.433266  -17.415306  -1.943881  -6.752658  0.54714465  14.689288  4.557833  -2.7185373  20.57481  24.539988  -7.5849853  53.117744  29.603252  30.045568  3.3917212  20.211308  -5.8950863  -5.3806767
0
-46.48628  -35.503136  13.206823  -38.18465  47.64818  67.00499  -11.064843  -16.913738  13.488807  17.562305  16.366762  2.4386592  37.08511  -23.213657  41.720356  -15.675001  28.285475  9.918292  -26.73645  28.790592  -12.518707  26.203453  -16.18014  13.975409  -13.813279  6.7343087  3.6942098  8.971417  -15.287538  49.322834  0.7049348  -1.4918832  -21.768532  -9.454495  -34.320267  -6.9058166  14.081443  -28.496845  -6.969273  1.6896667  -28.415539  -38.16667  -3.8907444  7.7607436  -9.174738  -3.7485104  22.610022  1.3119478  32.822308  32.727673  1.9821141  17.696787  2.5201278  -33.25662  -19.995398  13.287042  23.504726  -22.499989  6.256298  1.4359659  -14.818082  -6.3826303  -14.70052  -57.34227  -10.290516  11.24974  -5.442059  -0.15960118  -10.411795  -8.205321  16.128521  -7.8580227  -32.96816  8.890629  19.385208  13.647688  65.785  -2.4437368  26.075083  -4.6793795  -7.840173  29.706236  -9.991236  -3.5660686  -8.09744  7.3057656  -13.008597  18.578234  -17.810965  8.383695  38.57058  22.12144  12.382958  54.529408  43.712524  -6.146061  11.429395  -14.54855  6.3121476  -9.384866
100 4 1
1
0
-51.85375  -37.86912  18.576687  -32.874752  52.834328  60.79453  -2.2221973  -11.593856  10.301556  21.283783  13.812062  9.016571  32.45328  -21.630901  38.27097  -16.02452  27.658995  9.740168  -24.925571  27.36042  -14.236982  21.645046  -19.81903  20.541687  -11.191073  8.6607895  6.212798  9.117707  -15.834229  46.318707  2.4378796  5.378156  -17.410618  -6.418458  -34.674694  -10.570735  12.466536  -25.988832  -2.4358616  1.7880385  -27.783323  -35.445724  -7.4281735  8.802553  -8.283734  -4.192235  22.33142  1.9377298  30.269354  29.155659  2.1372988  16.091665  -0.23114243  -34.496048  -20.299265  11.943845  22.474215  -21.611881  4.404204  -0.49098682  -13.012685  -6.8905954  -15.314476  -51.943035  -11.594656  11.298387  -5.833668  0.60689276  -12.588392  -10.031575  16.540981  -4.171601  -33.040325  11.196665  15.987449  10.128945  62.96773  -3.8022652  23.803225  -5.9524555  -5.2746844  29.463743  -8.571462  -3.2219863  -7.3755045  3.1549373  -12.1637945  16.493778  -18.554504  7.912654  33.14715  20.123253  9.525457  46.27958  43.816322  -5.909799  13.542483  -14.481205  4.472486  -4.03238
0
-48.467613  -58.669098  -2.4847124  -0.15007633  75.56981  22.02025  8.668534  -5.1780753  -14.307029  6.0048265  -0.85347  3.427104  12.275089  -14.732165  0.5834606  -17.236746  25.598993  19.340406  -6.8103595  10.532751  12.383413  30.222244  -36.780922  12.181427  -14.986399  16.478857  -7.883643  -9.856926  -29.525343  24.261766  -10.956603  25.55119  -13.156977  -12.857963  -15.458122  -12.190314  12.238817  2.6160917  -21.003181  23.93937  -7.717986  -16.90339  -7.9213986  13.783255  0.10001442  -7.7029123  28.872164  1.4001396  24.242634  31.612331  16.333027  -9.185665  4.467463  -33.312702  -46.24365  -6.2189384  6.5915766  -26.392307  14.228635  -9.246389  12.117763  -13.413623  -20.950304  -20.682312  -2.950071  11.555874  5.178698  5.71302  -0.9360717  7.796741  1.9756737  10.0996065  -34.747597  -13.672524  4.467701  -14.930371  34.843895  -0.5042807  6.8053904  24.497875  -3.3449113  29.080753  -0.71730137  -4.131558  -10.287539  -8.473938  -4.91146  18.272415  -30.479687  12.977293  8.195399  26.19651  -14.353825  16.044342  23.974743  9.192696  9.949884  -3.1336684  3.7911386  -2.7813227
0
-82.10434  -59.76348  70.81162  -4.3466816  90.57934  23.28536  29.389374  8.43616  -3.1368172  23.468054  12.036453  40.218414  12.322255  -31.367477  -9.081331  -26.155521  -9.05616  17.919275  -11.173469  21.15649  -5.6054296  -28.806158  -49.276405  18.68969  -5.5791106  46.410263  16.822067  -8.776707  -9.280898  34.61782  2.4045873  69.46768  14.674638  -4.141343  -18.932802  -14.131945  6.7209916  4.090644  -5.400008  39.243732  14.757504  -5.3556356  -15.52765  26.238806  14.730491  4.7169213  12.156915  12.768381  22.836683  29.06495  -0.50078166  22.73721  15.621336  -38.816177  -27.002773  13.37364  -2.8385644  1.5051763  2.251778  -5.9269238  20.94692  -3.9756267  -19.725136  -18.077969  5.1419654  0.18614936  15.727577  8.498393  -13.548988  13.018016  17.346529  -8.95028  -30.806946  17.406448  9.908622  -4.702047  56.080925  -3.5645282  29.728683  -9.483304  9.611271  17.411707  -5.937243  -28.472778  -22.938717  -45.2597  -4.265146  11.059132  8.981347  2.6428182  2.420288  12.403392  -10.475811  -24.489443  18.912426  2.5654833  -3.3403115  -5.5499973  -4.283492  -6.8233767
0
-155.6188  -115.26927  19.76609  2.167507  83.10203  15.738117  41.873592  -3.3273618  -40.62131  8.124563  8.013569  52.664906  33.041553  -43.20692  -15.21694  -54.350025  44.95074  10.647417  35.685017  -22.955942  -52.151936  -39.53759  -35.085155  41.978317  11.858777  8.430146  73.74179  -37.265026  6.105056  57.512146  41.60063  47.16837  17.51382  -21.64457  -87.91859  5.693557  -4.6370296  40.33457  58.601376  24.441275  13.243816  37.373344  11.976945  33.731316  21.89895  1.8314948  17.298561  9.424811  31.963303  24.152851  -11.251174  1.781703  -8.099316  -30.62696  -15.578398  1.1756905  5.200235  -4.139943  4.4578547  -3.8691323  12.079361  16.237963  -14.038115  -21.241714  19.136936  -0.57207143  -73.3839  20.82548  -26.403414  35.25266  41.2426  -13.159399  -20.09326  -15.20343  21.059185  -6.759039  25.275913  -34.28828  37.882  19.154522  -25.458876  -19.528496  -70.18692  -18.71386  -2.7989798  -6.353923  0.7731426  14.606997  5.496945  -3.5740404  20.305317  25.207184  -8.516338  54.575447  30.785072  30.626324  3.6049519  19.471977  -5.394381  -5.6414404
100 4 1
2
0
0.19299573  -0.90105355  4.1472793  2.224431  8.158499  1.3063396  1.0688446  4.0542545  -2.777328  3.1291077  -1.6996775  7.157026  5.8733788  -3.2621074  0.8129676  -1.2616557  0.4807332  3.5848994  3.5094633  3.2194502  0.88311535  3.460505  -1.8086249  -0.5788987  0.95558536  1.1071181  0.43937716  -0.7838489  0.9188144  -0.43664178  2.306797  -1.2164283  0.052930806  -0.39207795  -1.7484679  -0.33538723  0.025514696  0.42537218  -0.34325552  -1.8350053  1.5887971  -1.6797206  0.84680027  0.182515  -1.8161765  4.4683385  0.6781545  -3.4994419  0.9860148  -0.9230222  2.1739876  -3.797728  2.8356173  0.28543198  1.4718561  4.4444313  0.019319952  0.26528293  0.8516423  -0.44243705  0.47386613  0.79693776  -0.0652338  1.84015  -0.08548902  0.17908418  -1.525864  0.7475222  -1.7428048  0.7105984  1.7813884  0.14599244  0.10118435  0.35545242  -0.32935843  -0.12666519  -1.737587  6.184353  -3.664609  0.92941093  -0.58207834  -1.0643604  0.57447755  -1.2379375  -0.16620879  -0.7890404  0.3612909  -0.7049446  1.1619179  0.59883815  -2.1802862  -0.7112496  -0.3253954  0.69716656  0.5784176  -0.43703038  0.1732357  1.5607814  1.223576  0.060618706
0
-3.4672506  -5.5845976  6.054349  -0.9046186  13.580423  0.6113254  2.2042737  4.4196134  -4.786747  4.161434  -6.608455  11.784117  6.0878634  -7.258282  1.1956925  -3.6842  -0.9786761  5.945213  4.8513346  4.714539  0.07208049  3.9821577  -3.0935268  0.798475  -1.3752534  2.7532122  2.5246084  -2.2297544  1.5321261  0.099432364  0.8935486  0.8349311  2.7588117  1.4287903  -0.46809685  1.0999215  0.8821041  -0.7790141  -0.8355521  0.77676773  2.7364488  -2.208856  -0.5145914  0.30869997  -3.9209764  5.9652486  0.13941842  -2.1595871  3.2887886  -0.035278715  1.4759936  -4.238906  4.441714  -1.8037827  -0.83651054  5.1485796  -1.2666517  0.54286665  1.9140773  -1.5124035  2.4347644  0.97928053  -0.35536838  2.6107254  -0.8937554  -0.7709184  -2.3598704  -1.1236396  -1.3952785  1.8504338  4.026621  -0.10472063  0.5819598  0.16220772  -0.1358713  -1.4684732  -1.6894548  7.375094  -4.8907056  -0.7587361  0.7884945  -0.52833855  0.18466564  -1.3168001  -1.3821044  0.22354324  0.48603064  -0.9058366  0.27684236  0.98490655  -2.0066295  -1.1085744  0.0861541  0.10820439  2.1543088  0.53224933  -0.88226485  0.9987159  1.332172  -0.1327353
0
-26.65841  -13.588104  -12.448621  -8.006866  33.48727  -2.8205345  22.849134  1.6523975  -9.0158825  6.368714  -17.935188  24.779129  -8.152919  -11.271438  -6.8005567  -26.563019  24.408632  6.485373  0.5519205  2.872933  1.741056  20.295513  -23.915873  13.295432  -11.61069  6.9578404  6.7252097  1.3196878  6.9980755  -7.1926413  -5.8442116  18.936222  -2.3510633  3.0122163  -7.640264  -6.900461  0.3896538  -11.210286  -3.472476  22.213621  -8.334511  -24.376852  -24.946707  5.8902206  -4.511689  10.492283  5.43331  2.405272  10.509863  1.4683288  0.7233748  0.4434477  4.3997216  -7.7850366  -5.5558743  8.353095  3.1400297  -8.215785  -3.337946  -1.933727  7.964381  0.7292023  -4.4920983  4.3709354  0.53071845  5.9745708  19.410503  12.433096  13.553443  3.1125772  -7.0891743  -4.2816153  -2.9578416  -4.337923  10.68738  -0.42642635  12.68566  13.62799  9.416462  -2.2084367  8.586123  13.323135  5.281996  -1.6896299  -7.076367  -5.6106906  -1.4413869  2.2077484  -6.462745  -1.5947125  6.3946266  5.2034607  -3.8969786  -2.3354425  4.1934624  7.3463225  6.3589892  -2.486721  1.5763177  -7.8145347
0
-19.190016  -13.699084  -5.574603  -4.809221  26.353907  -0.84325284  15.069879  3.2590003  -9.758796  5.6187077  -15.797065  19.562521  -2.863818  -9.674498  -3.4995024  -19.258368  16.724337  6.3366456  0.22387384  4.027137  0.5323993  13.104126  -17.124716  10.848165  -7.549899  7.5444818  7.1152225  -0.31250605  6.9335556  -2.8608482  -3.9622924  13.24378  1.1783636  2.7198377  -5.134583  -4.1536546  0.42179576  -7.304596  -1.7426838  15.863772  -4.15733  -15.959023  -17.041243  3.9780626  -5.083541  7.758771  5.219063  1.4698719  8.069165  -0.00672422  2.1602798  0.5111906  6.00116  -7.4411488  -4.1000133  6.779805  2.36922  -5.2956963  -0.4604049  -1.4244835  6.3424606  1.1102082  -3.4514565  3.8868995  0.37959585  4.465858  12.262681  8.267169  8.240638  2.0816176  -2.1725197  -2.1176152  -2.5400047  -3.123279  7.906653  -1.1764287  8.122429  10.734659  4.0143366  -1.8618056  5.7078238  8.249875  4.5623384  -0.5023016  -5.8780394  -4.405541  0.3885784  0.9517685  -4.8328896  -0.85818905  3.532853  2.7842548  -2.6191478  -0.121322915  3.6733315  4.4543047  3.5862715  -1.8127714  0.32925218  -4.500725
100 6 1
3
0
10.784142  -0.69861543  3.5947568  6.912008  9.297121  -0.5695963  -0.19618157  4.8938155  -4.2815943  3.5659657  -5.7059817  6.1765876  5.187458  -6.36932  -2.9644933  -0.24406432  4.4670753  3.0049598  -1.3664753  3.636391  1.0860214  3.4558747  -0.9564284  0.4814597  0.65517795  0.94174933  1.3920658  3.2369492  0.94733286  -1.7284178  0.4029847  -0.9842497  -0.77741647  -0.008834682  -1.8736362  0.4337138  1.1531165  -0.20873597  -1.7987856  -1.9221203  -1.8197492  -1.8629336  -0.97774804  0.7394245  -0.9527628  8.331288  4.229953  -5.4291744  2.3805814  -2.7685134  1.6351825  -1.5026166  6.406668  1.9893024  -0.46926183  4.8662777  -8.907123  -1.7255636  2.5644212  7.3398676  5.0416284  3.5372787  6.103649  3.4845803  4.1682506  1.2563945  -3.7189186  2.80471  -0.024967855  -3.3528054  4.178169  -1.7216445  -0.5403018  -2.2718444  -0.7156075  1.2113988  -0.48443094  5.5893273  -2.3477924  -3.1177745  1.1956874  -0.9699578  -0.48232296  -3.5228975  1.746891  -1.998234  -1.854143  -3.501307  3.8474262  3.8490686  -1.8153857  0.30381817  3.9337366  5.808909  0.6309827  -0.71105134  -3.0221179  -0.5611058  1.7436386  -0.9686384
0
-80.88828  -54.40382  44.10005  17.126387  94.118195  35.755413  36.857903  4.444068  -8.237189  35.22767  -12.5728035  44.91407  9.371765  -36.15966  6.8879333  -30.177858  15.742512  18.813488  -9.09931  47.037086  -9.081961  2.171223  -50.24735  -15.318489  0.9882676  46.267876  14.942714  0.7870426  -22.316378  67.3477  -7.384143  54.45864  9.851378  -2.3259933  -27.207157  -9.945225  6.2685137  31.85733  -11.220372  55.69304  -2.187527  -2.9231858  -10.849089  32.32103  -7.3899617  -10.152434  18.53208  1.0509934  18.69912  19.555727  -5.712272  1.3624636  -12.606154  -49.105114  -32.52621  6.6429486  12.583339  -15.9224415  7.45153  -13.875753  9.511582  -40.405827  -15.838577  -14.406036  7.150705  17.361858  9.957896  -13.680155  -12.877728  4.1056547  45.062164  21.44486  -27.746717  -3.1997395  25.965614  0.10434336  43.777832  -22.057495  9.416915  -31.739256  12.843513  23.940474  -14.65207  -13.168665  -7.412587  -26.057465  -5.333521  7.4411798  -21.878788  12.767888  14.693948  10.960201  -0.5111796  1.6383723  17.072529  -24.288904  15.88907  6.7500486  -42.513042  -2.3799584
0
-0.21507172  -0.8267369  2.960583  1.3716353  7.928352  0.6175669  1.4024098  3.0742486  -2.1158023  3.4264617  -1.8370141  5.434924  3.1586845  -3.611571  1.3643652  -1.3387818  0.60032994  2.3587544  2.0430965  3.0236347  0.6968455  3.7709951  -3.278122  -0.17645887  -0.07948043  1.5978179  0.32554787  -1.8199532  0.98658586  0.17498592  1.9987515  0.19101095  0.5092869  0.71654665  -1.4935797  -0.20672053  -0.37074932  -0.87224203  -0.5500734  0.557421  0.52908117  -0.071447924  -0.42012092  0.14811581  -1.870382  2.4266098  0.52974534  -2.8894675  1.6116279  -0.40895203  1.3871633  -3.0152197  2.0993233  1.3926836  1.2014601  3.9301877  1.9087923  -1.7887007  -0.9498653  0.07259058  0.03509324  1.040764  0.9163165  1.4608892  -0.21753843  0.32309788  -0.39237055  1.2726616  -0.9641213  0.3295304  1.1539214  0.17140412  1.0572397  -0.8774711  0.22054589  -0.3079943  -0.70227987  6.222374  -3.1187453  0.6344597  -0.20184231  -0.54916966  -0.0948498  -1.3916057  -0.11713441  0.6656784  1.5828629  0.5159751  -0.23210834  0.36696604  -1.0998824  0.5899766  0.51873314  -1.3147286  1.3241364  0.21047238  0.25373667  1.2190169  0.38137513  0.372203
0
-2.7421932  -8.790467  -0.12335768  4.2375803  11.161016  -5.3167534  0.16934052  3.4536424  -1.6907527  4.791583  2.5644376  7.0335855  2.3606267  -8.243578  -4.753102  -0.314627  -2.6422584  -0.069162376  -0.62342626  -0.25633568  -2.4251957  1.8349531  -5.020785  -0.8852422  -6.709895  4.0558753  7.261719  -2.350719  5.4378333  0.21061355  1.4439706  3.2560194  2.030237  2.3407884  -0.22042885  -5.5874553  -2.0952451  1.1284865  -1.7935224  1.1688081  -0.72237325  1.0739379  -2.7960455  0.177986  -3.586563  7.9142694  4.307858  -5.9387674  2.0868115  -0.61985236  2.1427815  -5.2389193  5.0582647  -2.3062673  1.6713898  5.853741  -0.0897644  -2.9066942  2.6506717  -5.347685  1.6015394  1.7984924  -1.2024946  0.66771513  -1.3770491  0.20094617  0.5290402  -0.77699506  -1.7705189  0.31082788  2.4174645  -3.0016499  -1.0368453  0.8169796  1.2571578  0.3562399  3.915515  7.2244716  -0.10725873  -0.5143147  1.3207967  0.32471555  -2.3355968  -2.8320897  -1.2674443  2.4635391  -2.648928  2.1706884  -1.2439921  2.0400841  -1.1370354  0.895209  -0.612505  -2.1618137  5.7388206  -1.1236094  0.63117427  1.379302  1.4413991  0.69579417
0
-1.6549057  0.16131498  2.6738935  0.78899175  5.980272  0.02457514  0.8647615  2.3839505  -2.0784347  1.5555302  -0.991902  5.2697625  4.6431847  -1.684757  0.39891103  -0.8983342  -0.31143075  2.526154  2.1513999  2.0092115  0.71222436  2.9921744  -0.6451447  -0.4044568  1.3462654  0.6521724  0.3174841  -1.5123433  1.4705225  -0.21281128  0.8942751  -1.5972476  0.6204488  0.49648893  -0.8762422  -0.6099553  -0.41725937  0.24850436  0.07699528  -0.91644275  0.8181271  -0.3360258  0.37909633  -0.46931574  -1.7186345  3.538659  0.5510614  -1.226865  0.69849044  -0.76191944  0.7837018  -2.7632627  3.638387  0.9932447  1.0586936  3.5648544  0.19641288  -0.5327422  0.10032304  0.09672496  -0.41184396  0.33680645  -0.979898  2.0515485  0.74493736  0.033626586  -0.060142826  0.63971317  -0.16644084  -0.021156276  2.070877  0.47231552  0.69879663  1.4153936  -1.0158219  -0.9520031  -1.2478663  5.618625  -2.9729018  0.28415316  -0.07202728  -0.27509025  0.04613527  -1.3208625  0.3403873  0.26848793  1.6064643  0.7543368  0.9028562  0.7959059  -1.7202916  1.6220495  -0.5547399  0.17314607  0.42359737  -0.24304377  -0.29847643  0.57568216  0.1663186  0.2713054
0
-3.0085168  -0.24970822  -0.49111438  -0.040184144  2.6844873  0.2511157  -0.7072932  2.0387228  -2.1261315  2.9075363  -2.12679  1.5013341  4.319367  -2.005839  -0.28089502  1.0335271  0.07533914  -1.0104883  2.6469676  0.34158316  -1.5767131  2.469132  -1.9840889  -0.6813421  -0.59811544  2.0640817  -3.0343974  1.0222552  -0.5605346  0.024682362  0.20448923  -2.5814056  0.44644746  1.6201649  -3.437454  -0.7597702  0.8126334  -0.56362873  -1.8673674  -0.05530968  1.9206598  -1.7822925  0.5169493  1.2655118  0.21206434  -0.14787392  -1.3639771  -2.6686091  0.036461137  1.5193963  0.66867393  -1.4771789  3.2577841  -0.84492177  -1.4513901  2.4466584  1.7522461  0.936503  -0.30560052  0.49503362  1.4855851  2.1782992  1.1562551  -0.8773043  0.60248756  0.5682425  1.2040131  1.6130623  0.3106587  -2.8406858  2.1378682  1.007424  1.2775604  -0.3361311  -0.28404364  -1.2969354  -1.6844903  6.1910095  -2.3682323  -1.7501793  -0.550882  -2.2774732  2.2002008  0.30249816  1.2793163  -2.2416022  -1.6545413  1.9747354  -1.245557  3.8379638  1.4815335  0.7259635  -2.2013965  0.66612756  -0.11473044  -0.21910582  0.09452455  0.56847733  -1.1950427  0.57131004
100 4 1
0
0
-7.553906  -7.7436438  -7.4278765  0.9113214  17.525215  -10.243189  -3.9781525  3.0985746  -12.077356  7.1904626  3.0566394  11.428065  3.6731095  -11.57441  -6.182363  -5.0394173  7.4268885  7.4207535  -1.3245356  -5.6308966  -4.9285107  -0.14207113  -2.9470556  5.9662905  -6.858575  10.303005  7.9499493  -2.5277772  4.3137503  6.239413  -5.542479  7.052868  3.484622  8.88698  -4.907883  -2.4883235  -1.8898013  6.661636  -2.2484586  2.3273122  2.734681  4.412316  -6.4275317  -4.497582  -4.2975616  7.157372  5.591764  -1.5286912  8.783378  3.0880442  4.130084  0.65757036  9.3499775  -4.268058  2.0737734  3.0520911  -0.8341033  -4.116465  -0.8019084  -2.891074  7.900157  1.7524667  -2.075438  0.79780334  -5.6228704  -2.7695184  -3.7026517  11.907957  0.5024643  1.1411636  -0.8289728  -0.59642226  -3.552815  0.41162133  2.0544238  0.4938322  6.7990255  12.967823  -0.16762641  0.031475082  1.4363364  -3.4656806  5.545832  -1.4612648  2.6385007  -1.055876  -0.33441278  5.903101  -0.39347017  2.6229455  -0.86597854  4.4817286  -0.14663269  -2.2528696  8.130857  -2.1796806  -3.3632996  2.488222  -5.183672  -4.967955
0
-41.603817  -22.21896  4.121895  1.3256584  16.825125  12.419312  -3.7082436  3.1978366  9.156863  8.026696  -12.611763  13.372348  19.831203  -3.7302017  19.209557  -10.041456  -7.6515203  2.2541544  -8.423709  -6.674763  0.7132194  16.025043  0.3557513  -8.712672  0.1853779  8.199163  -7.340003  -5.3333764  10.198087  -2.5273707  2.3260143  -33.979755  11.573878  16.28533  -1.6906737  2.5869222  14.930254  -23.990425  2.1532564  -32.08184  3.209712  11.791038  10.290717  0.6257851  -14.38563  5.904039  3.3081775  6.004393  -6.1664577  -14.992693  14.092656  4.077124  -14.625625  3.9028163  -2.646026  3.0903995  -6.534705  1.1719215  -12.992314  2.5488396  8.310983  21.626595  8.481491  15.43656  8.816436  -9.7078905  -3.8184345  -1.6435  19.629784  -17.935747  -29.798496  -1.7997735  -0.9400965  4.275014  -10.453121  2.0398142  7.4905386  40.167854  -38.51093  -4.371097  -2.6090598  -4.552652  16.590672  10.10701  -11.796378  -6.836367  10.782346  -9.460629  3.3295631  5.403085  3.3755062  -2.1733894  19.380741  0.88843095  3.186107  -7.4293146  -12.751667  -2.6500628  9.960364  -0.065900475
0
0.1429779  0.5154103  3.6926641  0.7901625  6.0390687  0.20225188  0.8433086  3.410655  -3.0400171  0.9005459  -2.3231  5.6729283  5.2550797  -2.4687319  -0.25346854  0.21987975  0.9957813  2.4480302  2.767075  2.455564  1.1491523  3.7841847  -1.4474653  -0.28720278  1.6842858  -0.017525489  0.75358874  -1.6023788  1.4853369  -0.96232605  1.2701372  -0.4526153  0.8147183  1.127963  -2.1359446  -0.94910854  0.7970803  0.5924986  -0.3407657  -0.29980144  1.6857026  -1.1399319  1.6406738  -0.009683479  0.039466806  3.1245155  1.6198657  -2.6772964  0.44789863  -1.1987907  1.8574163  -3.4672472  3.156791  0.99646366  0.8205541  3.053691  -0.30278233  0.7920468  -0.22674641  1.5329912  0.24608731  0.62936425  -1.7245755  1.7536846  0.29043913  -0.048588127  -0.97395474  0.9441006  -0.07038469  0.0061481064  1.4931682  1.0361991  1.7136768  1.2556669  0.008537851  -0.060684353  -1.2874125  5.1357656  -3.5419338  0.036549896  -0.78016984  -1.6484469  0.881832  -0.09558708  1.6091522  0.09200619  0.7105288  -0.5832307  0.7435224  1.0358821  -0.75194603  0.81670904  -0.8403235  -0.64687574  1.2305562  -0.11178039  -0.10697844  1.198843  0.39720824  -1.0638899
0
-78.457184  -62.22684  23.50756  17.957312  13.746637  -1.7220863  -5.15738  -5.5802684  -12.757875  3.3843997  -19.17184  38.864098  -14.976001  3.833027  -11.8845  -3.263092  -8.771081  2.425859  -3.2053874  -4.6140957  -17.222301  6.184372  -35.051945  7.6943994  -17.146112  24.462124  25.460802  -14.382457  20.955845  8.204702  -19.568653  5.5738916  9.733496  16.199423  2.3984334  2.6595743  0.7783134  5.811974  12.013942  26.533695  5.2703385  -8.244327  -18.91505  10.345423  1.6470643  3.1892376  -1.9288304  0.5976916  20.041967  8.282794  -5.250297  8.523082  -13.454982  -7.8893657  -15.780835  -2.284209  -1.3190757  3.2950823  6.6231723  -8.852142  21.058287  -7.1848516  -16.557116  -2.150618  0.5309739  -11.5168495  3.629368  8.05198  -3.7224536  10.63862  -14.347459  1.9591571  -5.8696227  13.058289  -4.941131  2.2200742  14.607239  -5.3093  8.823067  -3.3535173  5.4408865  -19.155676  -6.712019  -1.0883852  -7.850352  -6.8970814  -16.468151  0.82065475  4.4113913  -5.5350165  -6.5866604  -14.589048  -25.243185  -14.524581  1.6391901  -9.07332  2.4762702  -13.496663  16.990088  0.93337303
100 2 1
4
0
-0.6635891  -2.8133235  1.4679601  -1.5077182  -1.2226449  0.9782329  0.5505141  -1.9483038  1.756013  1.0845475  -1.2383367  0.5040484  0.35000134  -0.13853306  1.1337447  -0.71433675  -0.53958267  -0.17511159  -1.9308437  0.93568146  -0.0564957  -0.3730398  -0.0727744  -0.1614325  -0.9350638  -0.2755143  2.0624862  -0.32692114  1.7514195  0.30159736  -0.50352144  -0.13067093  -1.0416371  1.7198848  -0.54355264  0.16180429  0.611401  0.78493583  -0.091365874  1.2261131  -0.14038815  -1.166398  -0.8305182  -0.30825448  -1.2589356  1.050179  -0.3629403  -1.1610181  0.82247365  -0.09034923  0.53210545  -1.0831718  0.5120294  -1.7934855  -0.46182016  0.24877793  0.6272314  -0.090938404  0.09274991  0.8100069  0.8087087  -0.98047215  0.14953122  -0.20022918  -0.83072144  1.2157367  0.93694216  0.6352105  -0.09474955  0.8899086  -0.8348172  -0.2847405  -0.005238497  -0.41569656  1.1043751  -0.7209924  1.6721013  0.63831145  -0.26946333  -0.432619  0.59329045  0.39903265  0.40775958  0.3759201  0.12308422  0.879448  -0.5431847  -0.23318996  -0.8240908  0.73924  0.44806182  -0.013946418  0.698686  0.8779261  0.773906  0.10615824  -0.53671753  0.3512456  -0.35159725  0.21892592
0
-0.023169156  -0.44443768  0.5219178  0.17976889  0.7908332  0.046333946  0.072335154  0.1329546  -0.36046702  0.6041691  -0.121826716  0.79863185  0.55635566  -0.49943596  -0.020410895  -0.18434851  -0.6369937  0.31685612  0.08553313  0.20565942  0.03097481  0.45391372  -0.25182152  -0.06633344  -0.19584297  0.011638336  0.04665851  -0.28070936  0.058918297  0.32786614  -0.062176824  0.434071  0.31633696  0.17713594  0.19992317  0.09516746  0.23045337  -0.0768937  -0.0473859  -0.12724389  0.12371593  -0.16836274  -0.05265706  0.069804616  -0.29466605  0.75887793  0.26581496  -0.3390547  0.09212928  0.108632  0.1556807  -0.28692475  0.47435445  0.06780124  0.108673446  0.59466344  0.11026877  -0.330212  0.10663181  -0.19532141  0.13270856  0.07822895  0.008685602  0.3092918  -0.05726991  0.051582687  0.003695514  -0.21743265  0.06405148  -0.027691925  -0.0035525635  -0.11346639  -0.18568973  0.1976406  -0.031213667  -0.029018896  0.0264986  0.71605694  -0.3422233  0.042705677  0.09332381  -0.025221325  0.044922702  -0.35235047  -0.03522604  -0.0061751027  0.15725775  -0.11653441  -0.122960776  -0.11378109  -0.30833724  -0.18050815  0.3305113  -0.06494424  0.22525868  -0.25486156  0.12254972  -0.062213548  0.37437764  0.3706862
100 2 1
5
0
-0.21972822  0.26336762  0.49940023  0.23283868  0.6484554  -0.1025886  0.0427623  0.45475078  -0.2471212  0.37278295  -0.06178243  0.40182742  0.54472244  -0.2813533  0.05960865  -0.2899636  0.06535973  0.08620771  0.024661256  0.24062277  0.06566175  0.36976525  -0.079065315  -0.09453668  0.13588795  0.108847  0.028034585  -0.079688735  -0.097171985  0.004527745  0.25619957  0.026908582  -0.0034026885  -0.005499623  -0.08562664  -0.16801278  -0.04389072  0.1428076  -0.09746865  -0.116151474  0.26511496  -0.12053253  0.22490485  0.024608897  -0.03637504  0.4171525  0.02664275  -0.28534156  0.3137366  -0.16729817  -0.12561075  -0.44450167  0.26170865  0.21727781  0.24648742  0.25899023  0.2875089  0.076190725  0.17512415  0.2616786  0.11522616  0.2741573  0.1226221  0.12113043  0.06126477  0.08951349  -0.033097025  0.108983435  -0.07741023  -0.07011567  0.19100218  0.08671469  0.09850786  0.06468451  0.022331137  0.050720677  -0.3195171  0.6729302  -0.37497392  0.0917078  -0.022736384  0.027317205  0.0758632  0.040252734  0.11421958  0.09911702  0.22635071  -0.028498786  -0.080164306  -0.18579386  0.063637726  0.035851803  -0.040817395  -0.1130437  -0.18474723  -0.029275047  0.050188903  0.07138943  0.026942633  -0.0078576235
0
-0.5828539  -0.57401085  -0.6525549  0.8577565  2.0356278  0.40382904  0.13162696  -0.6543459  -0.029026568  0.061742865  -1.2229512  0.9276646  -0.33351126  -0.21983333  0.44892144  -1.5841388  0.5595181  0.70280695  0.7475096  0.26531327  0.57156366  0.90020114  -0.7484627  -0.5473199  0.16090652  0.9268471  -0.8266691  0.9754524  0.12297095  -0.04738128  -0.071314424  0.37511575  0.3376434  -0.00897811  0.08241469  0.00877963  0.40255374  -0.101695836  -0.27801535  1.0178137  -0.078211024  -0.80505514  -0.8925708  -0.16912037  -0.62419236  2.2602909  -0.48737925  -0.07131827  2.1763463  1.4229105  0.07367923  -0.11509589  -0.36817232  -1.2948322  -0.09140678  0.6272502  0.28099945  0.41914973  0.38887298  -0.16653955  0.6876833  -0.3894827  -0.38213864  0.58808684  0.58447653  0.8888699  0.27776012  -0.22539872  0.75036657  0.21172091  -0.4901369  0.10455248  -0.1922723  0.16241696  0.12817469  0.35654837  0.8586294  0.7501202  0.13399717  -0.4202222  -0.35858744  0.99154466  -0.13670355  0.26321366  -0.15738182  -0.58424556  -0.14236063  0.16495413  -0.7940513  -0.48868516  -0.019129455  0.2566679  -0.069746286  0.18261085  0.8225804  -0.17098399  -0.15135846  0.4136122  0.32820505  0.060646355
100 2 1
5
0
-0.08401527  0.4429811  0.9038517  -0.20234075  1.4507269  0.3425398  0.302878  0.79267615  -0.56148046  0.49714044  -0.36255962  0.61563694  0.4231383  -0.4724954  0.22953601  0.060161036  0.03685402  0.29993895  0.41650766  0.3351293  -0.31854254  0.13639984  -0.53702277  -0.019851476  0.709989  -0.054383855  -0.4021172  0.25202033  0.3292429  -0.33139703  0.2380874  -0.38217908  0.449729  0.103103414  -0.19673881  -0.2617628  -0.38904843  -0.087870166  -0.08522729  0.0075146346  0.09419229  -0.24822888  0.026403677  0.13461988  -0.17778246  1.4763563  0.46866474  -0.53513247  -0.18863729  -0.35220984  0.35438892  -0.8562508  0.10825578  0.58887637  -0.38035944  0.4991317  -0.2638742  -0.34225863  0.2221621  0.30131078  -0.38760188  0.6137718  -0.25354  0.47173694  0.42171538  -0.31383273  -0.23005454  0.4021806  -0.20567653  -0.098408766  0.19322285  0.11768896  0.19003184  0.28903043  -0.36397237  -0.53101164  -0.1759508  1.0093366  -0.71340907  0.39192492  -0.16063216  -0.29274172  0.38727623  -0.29150462  -0.009974247  -0.26896265  -0.11637061  0.23663828  -0.17236415  0.13590051  -0.2036142  -0.07877881  0.084982805  0.28761244  0.064862214  -0.057955105  -0.15233126  0.34222385  0.37447625  0.2581852
0
-1.8159542  -1.6666901  -0.91236234  1.1073042  3.39019  0.36806417  1.2396948  -0.52923286  0.031724215  0.043265358  -1.480921  1.8817577  -1.0403322  -0.12940149  0.5279848  -2.644329  1.914588  0.5865071  0.37498486  0.24118309  0.9552452  1.7300192  -1.899214  -0.19836366  -0.19033964  1.5466512  -0.83708656  1.5155536  0.88415885  -0.22138856  -0.51101315  1.0669596  0.2256732  0.037153166  -0.028820187  -0.06025186  0.3327365  -0.5520664  -0.51266927  2.2720017  -0.41747147  -2.2711327  -2.2400067  0.16396302  -0.9469328  3.2434013  -0.42052412  0.32031015  3.053917  2.0091124  -0.0469607  0.12137262  -0.6356891  -1.8654659  -0.38212955  1.051442  0.74655175  0.23688063  0.26708737  -0.046659365  1.1844482  -0.33979607  -0.6018849  1.1364475  0.3540347  1.4576436  1.439987  0.27902  1.4122072  0.30350912  -0.72602284  0.038689394  -0.58030266  0.104433626  0.767367  0.49050432  1.590842  1.3427721  0.49680293  -0.6678013  -0.09798145  1.7017708  -0.109483875  0.43385854  -0.2793696  -0.7600254  -0.4265621  0.14471184  -0.9249381  -0.7251768  0.21906886  0.19287929  -0.00458467  0.22419661  1.1140875  0.27339983  -0.07451818  0.3532673  0.69820213  -0.4717962
