623, 0.358276, 81, 300
0.00123662 0.00182843 0.00283796 0.00359952 0.00519907 0.00709409 0.0622094 0.0661064 0.10131 0.120359 0.128931 0.155769 0.187321 0.235434 0.239877 0.268421 0.274832 0.290849 0.294211 0.300719 0.318095 0.319131 0.329817 0.343481 0.344871 0.361538 0.361538 0.426134 0.453063 0.463971 0.503181 0.506431 0.521463 0.528894 0.530622 0.590897 0.592556 0.592556 0.595857 0.599806 0.631092 0.635091 0.635091 0.65165 0.677436 0.683214 0.683214 0.683214 0.683214 0.683214 0.683214 0.683214 0.683214 0.683214 0.683214 0.683214 0.683214 0.693696 0.700161 0.701028 0.707997 0.71015 0.714734 0.719855 0.74997 0.757567 0.761859 0.770864 0.782902 0.790826 0.855099 0.893983 0.897449 0.90931 0.917851 0.940052 0.945835 0.953617 0.976269 0.977168 0.978589 0.979837 0.984668 0.987166 0.989893 0.993694 0.995284 0.995565 0.996902 0.997032 0.997468 0.998418 0.999637 0.999852 0.999981 0.99999 0.999993 0.999994 0.999998 1 
629, 0.347427, 82, 300
0.00105286 0.00141537 0.00256252 0.00265038 0.00412542 0.00580519 0.0305592 0.0623829 0.0691894 0.103564 0.104557 0.136448 0.140233 0.148277 0.24266 0.260706 0.271201 0.28198 0.295915 0.302253 0.306113 0.311967 0.322366 0.324672 0.348846 0.371822 0.371822 0.373216 0.387386 0.433306 0.461891 0.466066 0.538875 0.545977 0.559777 0.584025 0.600216 0.600216 0.603784 0.604746 0.643407 0.64516 0.64516 0.657397 0.657397 0.657397 0.657397 0.657397 0.657397 0.657397 0.657397 0.657397 0.657397 0.657397 0.657397 0.683594 0.68475 0.685869 0.689096 0.689816 0.692113 0.69671 0.697903 0.702451 0.705151 0.708124 0.719855 0.735029 0.748138 0.775964 0.78544 0.83944 0.901958 0.913012 0.926914 0.943797 0.950353 0.958783 0.965226 0.976692 0.980332 0.981563 0.98162 0.990088 0.990773 0.994553 0.994752 0.994993 0.996285 0.997744 0.998799 0.999041 0.999691 0.99987 0.999973 0.999992 0.999995 0.999995 0.999996 1 
740, 0.345811, 81, 300
0.00127226 0.00187606 0.00301957 0.00372171 0.0054661 0.00850946 0.0576907 0.0658938 0.132644 0.136341 0.13765 0.163725 0.169056 0.191893 0.192552 0.240372 0.263449 0.263449 0.267814 0.267953 0.272573 0.273621 0.273621 0.280623 0.295113 0.359818 0.364155 0.369828 0.375043 0.417949 0.438452 0.447802 0.461879 0.467751 0.484774 0.494992 0.500338 0.509724 0.549274 0.586515 0.589491 0.592254 0.621593 0.637823 0.639731 0.639731 0.649205 0.651233 0.670154 0.7127 0.713968 0.717343 0.721133 0.721428 0.74495 0.74495 0.74495 0.74495 0.74495 0.74495 0.74495 0.74495 0.74495 0.74495 0.74495 0.74495 0.755373 0.789136 0.79031 0.793889 0.827342 0.850133 0.85094 0.880168 0.888319 0.944615 0.952629 0.962732 0.96921 0.978852 0.981607 0.9821 0.985634 0.986457 0.989845 0.991447 0.994664 0.994876 0.994938 0.995477 0.997188 0.998705 0.999373 0.99972 0.999949 0.999974 0.999976 0.999991 1 1 
748, 0.35185, 82, 300
0.00115228 0.00162703 0.00256205 0.00313872 0.00407314 0.00613219 0.0531159 0.0694585 0.0809461 0.0970457 0.104548 0.144395 0.16741 0.221915 0.224025 0.271842 0.273893 0.278385 0.300394 0.301583 0.31522 0.317509 0.320444 0.326921 0.350639 0.36649 0.36649 0.442134 0.44537 0.44581 0.458946 0.465516 0.471412 0.473499 0.504267 0.538668 0.551647 0.553173 0.585422 0.58802 0.58802 0.592984 0.603239 0.637232 0.637232 0.643688 0.678296 0.678296 0.678296 0.678296 0.678296 0.678296 0.678296 0.678296 0.678296 0.678296 0.678296 0.678296 0.685173 0.68599 0.692205 0.714366 0.724717 0.728468 0.731486 0.73327 0.748419 0.751362 0.776189 0.783204 0.839838 0.852943 0.888545 0.902196 0.922784 0.938846 0.952351 0.959138 0.961735 0.97343 0.974232 0.980246 0.985285 0.990648 0.991172 0.993822 0.994401 0.994903 0.995855 0.997678 0.997753 0.998455 0.999694 0.999876 0.999976 0.999992 0.999995 0.999996 0.999998 1 
716, 0.356586, 82, 300
0.00112712 0.00162625 0.00272661 0.00314867 0.0045625 0.00696898 0.0656255 0.0698494 0.101642 0.102469 0.116917 0.149204 0.192959 0.241177 0.254262 0.269221 0.273384 0.280377 0.284018 0.295576 0.31924 0.320119 0.327377 0.345349 0.349949 0.361492 0.361492 0.441785 0.443939 0.45037 0.491528 0.498178 0.502248 0.51802 0.524808 0.53174 0.542586 0.55794 0.586685 0.586685 0.592478 0.594106 0.605064 0.632565 0.632565 0.644622 0.681408 0.681408 0.681408 0.681408 0.681408 0.681408 0.681408 0.681408 0.681408 0.681408 0.681408 0.681408 0.684493 0.685216 0.690108 0.71369 0.733067 0.73372 0.744469 0.75466 0.755071 0.764019 0.773694 0.782074 0.86806 0.871677 0.902385 0.906878 0.918642 0.932837 0.957217 0.959057 0.97061 0.977786 0.978731 0.9801 0.98659 0.9907 0.991471 0.994266 0.994953 0.995906 0.996933 0.996954 0.997749 0.998261 0.999694 0.99988 0.999977 0.999992 0.999995 0.999996 0.999999 1 
711, 0.353513, 81, 300
0.000614107 0.0006603 0.00175399 0.00223327 0.00314909 0.00582385 0.0374749 0.0655454 0.111302 0.111474 0.133675 0.145031 0.148226 0.167222 0.249939 0.268497 0.273231 0.30425 0.308928 0.313055 0.313544 0.313739 0.32413 0.324405 0.350615 0.37029 0.37029 0.404697 0.413906 0.471482 0.49335 0.494866 0.514777 0.559583 0.585003 0.59006 0.590154 0.593935 0.603871 0.603871 0.605323 0.63106 0.646313 0.646313 0.672065 0.672065 0.672065 0.672065 0.672065 0.672065 0.672065 0.672065 0.672065 0.672065 0.672065 0.672065 0.678238 0.683594 0.687623 0.691739 0.693002 0.702086 0.717697 0.721743 0.728605 0.734412 0.749069 0.75673 0.775806 0.789693 0.802258 0.850213 0.896772 0.898419 0.926572 0.944079 0.945192 0.96899 0.970753 0.979034 0.981232 0.982148 0.985061 0.98575 0.990205 0.99401 0.994933 0.996074 0.996782 0.997493 0.998593 0.999245 0.999643 0.999844 0.999983 0.999991 0.999992 0.999994 0.999996 1 
688, 0.35654, 82, 300
0.00120282 0.00173461 0.00277525 0.00337481 0.00485921 0.00708252 0.0659665 0.0698897 0.100584 0.102795 0.11658 0.150065 0.193977 0.239015 0.254427 0.269122 0.273594 0.280047 0.282765 0.295062 0.319519 0.319975 0.327884 0.345262 0.349176 0.361255 0.361255 0.440807 0.441994 0.445875 0.489296 0.49341 0.493891 0.509348 0.516284 0.52801 0.543402 0.559193 0.586016 0.586016 0.593655 0.594059 0.605039 0.632264 0.632264 0.644749 0.681574 0.681574 0.681574 0.681574 0.681574 0.681574 0.681574 0.681574 0.681574 0.681574 0.681574 0.681574 0.682885 0.685272 0.688604 0.713387 0.733257 0.733784 0.745396 0.754242 0.754845 0.769072 0.773731 0.782515 0.868386 0.86977 0.902323 0.907071 0.918483 0.932753 0.957312 0.959121 0.971062 0.977561 0.978984 0.980102 0.986614 0.990691 0.991492 0.994268 0.994854 0.995967 0.996918 0.996964 0.997753 0.998258 0.999695 0.999881 0.999977 0.999992 0.999995 0.999996 0.999999 1 
696, 0.345469, 82, 300
0.00113887 0.00153524 0.00268245 0.00291067 0.00426716 0.00585681 0.0308236 0.06277 0.0692229 0.102676 0.104428 0.137026 0.140687 0.148669 0.222793 0.241665 0.258409 0.258409 0.260804 0.278728 0.281313 0.295924 0.302216 0.305777 0.312282 0.322873 0.324524 0.374288 0.386193 0.433508 0.460199 0.461957 0.467182 0.539376 0.555301 0.58505 0.599943 0.599943 0.603852 0.604789 0.643515 0.645068 0.645068 0.65753 0.65753 0.65753 0.65753 0.65753 0.65753 0.65753 0.65753 0.65753 0.65753 0.65753 0.65753 0.683594 0.684797 0.685907 0.689106 0.689554 0.69286 0.696305 0.697803 0.702598 0.705197 0.708169 0.722767 0.735368 0.748403 0.7758 0.78565 0.839584 0.902079 0.91319 0.926938 0.943898 0.950765 0.958939 0.965447 0.976608 0.976794 0.981594 0.981618 0.989133 0.990113 0.994556 0.994703 0.995032 0.996293 0.997748 0.998799 0.998996 0.999691 0.99987 0.999973 0.999992 0.999995 0.999995 0.999996 1 
690, 0.354545, 81, 300
0.00125587 0.00184608 0.00283676 0.00364345 0.00529021 0.00660342 0.0420503 0.0662999 0.101634 0.122437 0.131822 0.153757 0.155709 0.169814 0.240437 0.269189 0.272703 0.300086 0.304131 0.309697 0.315135 0.315135 0.322786 0.327925 0.350189 0.369327 0.369327 0.396643 0.413641 0.469482 0.476015 0.514275 0.525002 0.538116 0.5386 0.594361 0.595967 0.60235 0.60235 0.603431 0.607917 0.634581 0.646232 0.646232 0.673916 0.673916 0.673916 0.673916 0.673916 0.673916 0.673916 0.673916 0.673916 0.673916 0.673916 0.673916 0.680195 0.683593 0.687506 0.692501 0.694364 0.703901 0.717019 0.717408 0.725442 0.746989 0.759259 0.777963 0.779649 0.794849 0.803887 0.85259 0.899208 0.89946 0.925954 0.946096 0.946981 0.972387 0.974896 0.979388 0.981464 0.981699 0.985026 0.986259 0.990289 0.994156 0.995414 0.995721 0.996877 0.99759 0.998608 0.999281 0.999658 0.999856 0.999984 0.999991 0.999993 0.999994 0.999997 1 
703, 0.3545, 81, 300
0.00112557 0.00153947 0.00274956 0.00324339 0.00477755 0.00642967 0.0411227 0.0661167 0.104544 0.120153 0.132319 0.151864 0.154202 0.169069 0.243701 0.268835 0.272859 0.302034 0.304102 0.310691 0.314613 0.315705 0.322977 0.326776 0.350319 0.369599 0.369599 0.401108 0.411483 0.475489 0.476624 0.509738 0.522566 0.543835 0.552486 0.59357 0.593722 0.601365 0.603252 0.603252 0.607838 0.633766 0.64657 0.64657 0.673483 0.673483 0.673483 0.673483 0.673483 0.673483 0.673483 0.673483 0.673483 0.673483 0.673483 0.673483 0.67763 0.683594 0.687562 0.6925 0.694344 0.701508 0.717279 0.718991 0.726871 0.747487 0.758955 0.770338 0.777371 0.793795 0.803861 0.85105 0.897679 0.898789 0.926139 0.945392 0.946162 0.971671 0.974114 0.978896 0.981344 0.981593 0.985043 0.986043 0.990067 0.993969 0.995234 0.995782 0.996826 0.997486 0.998568 0.999261 0.999639 0.999847 0.999983 0.99999 0.999993 0.999994 0.999997 1 
683, 0.353994, 82, 300
0.00122154 0.00173074 0.0027951 0.00336301 0.00486213 0.00685185 0.0556345 0.0697159 0.0929102 0.101221 0.115417 0.150115 0.178164 0.222666 0.240102 0.272602 0.273288 0.286171 0.295935 0.298616 0.315265 0.318847 0.328727 0.337034 0.350119 0.36545 0.36545 0.432963 0.442134 0.447333 0.456097 0.4584 0.465565 0.490565 0.506756 0.51359 0.532988 0.542834 0.593209 0.593209 0.59474 0.600396 0.60481 0.639254 0.639254 0.644475 0.679688 0.679688 0.679688 0.679688 0.679688 0.679688 0.679688 0.679688 0.679688 0.679688 0.679688 0.679688 0.685172 0.690455 0.69672 0.713467 0.724704 0.736353 0.737152 0.74766 0.75249 0.76236 0.777343 0.785416 0.842221 0.855246 0.888947 0.902262 0.922005 0.93837 0.954375 0.959917 0.967864 0.976187 0.978084 0.980214 0.985426 0.99075 0.99131 0.994396 0.994992 0.995798 0.996891 0.997612 0.997761 0.998557 0.999694 0.999878 0.999976 0.999992 0.999995 0.999996 0.999998 1 
680, 0.344099, 81, 301
0.00129521 0.0018959 0.00304419 0.00377792 0.00567615 0.00950027 0.0351346 0.0359172 0.039104 0.0631922 0.063435 0.13092 0.13092 0.13765 0.141253 0.147838 0.162335 0.162335 0.176175 0.196747 0.247671 0.27075 0.289097 0.304757 0.322902 0.349262 0.372407 0.381692 0.394674 0.40159 0.410342 0.435026 0.517277 0.52312 0.530476 0.558817 0.600182 0.611664 0.621096 0.641636 0.651671 0.65254 0.65254 0.665059 0.666831 0.679104 0.703143 0.704221 0.70534 0.709255 0.710697 0.75266 0.762875 0.770674 0.773292 0.773292 0.773292 0.773292 0.773292 0.773292 0.773292 0.773292 0.773292 0.773292 0.773292 0.773292 0.790973 0.795472 0.802234 0.802494 0.862513 0.888332 0.890662 0.890982 0.893838 0.907809 0.933257 0.948516 0.965361 0.967886 0.984301 0.98676 0.988937 0.990035 0.991523 0.992862 0.993059 0.995096 0.995708 0.996346 0.997228 0.998641 0.999545 0.999795 0.999954 0.999977 0.999983 0.999984 0.999998 1 
689, 0.343864, 81, 300
0.00127226 0.00187606 0.00301957 0.00372171 0.0054661 0.00850946 0.0576907 0.0658938 0.132644 0.136341 0.13765 0.163725 0.169056 0.191893 0.192552 0.240372 0.263449 0.263449 0.267814 0.267953 0.272573 0.273621 0.273621 0.280623 0.295113 0.359818 0.364155 0.369828 0.375043 0.417949 0.438452 0.443608 0.447802 0.467751 0.484774 0.494992 0.500338 0.509724 0.549274 0.586515 0.589491 0.592254 0.621593 0.637823 0.638996 0.639731 0.639731 0.649205 0.651147 0.693275 0.70956 0.713968 0.717343 0.721428 0.74495 0.74495 0.74495 0.74495 0.74495 0.74495 0.74495 0.74495 0.74495 0.74495 0.74495 0.74495 0.755373 0.789136 0.79031 0.793889 0.818264 0.827342 0.85094 0.880109 0.888292 0.944615 0.952617 0.962723 0.969187 0.975235 0.981602 0.981688 0.9821 0.986447 0.989835 0.991445 0.994658 0.99487 0.994934 0.995475 0.997186 0.99872 0.999372 0.99972 0.999948 0.999974 0.999976 0.999991 1 1 
699, 0.354355, 81, 300
0.00125587 0.00184602 0.00283676 0.00364321 0.00529021 0.00660342 0.0420503 0.0662676 0.101634 0.122437 0.131822 0.153757 0.155709 0.169815 0.240437 0.269189 0.272703 0.300086 0.304131 0.309697 0.315134 0.315135 0.322786 0.327925 0.350189 0.369327 0.369327 0.396643 0.413443 0.469482 0.476015 0.514111 0.525214 0.538116 0.5386 0.592135 0.594665 0.60235 0.60235 0.603431 0.607917 0.629676 0.646232 0.646232 0.654863 0.673916 0.673916 0.673916 0.673916 0.673916 0.673916 0.673916 0.673916 0.673916 0.673916 0.673916 0.673916 0.680446 0.683594 0.687506 0.692501 0.694364 0.717019 0.717407 0.725442 0.746989 0.759258 0.777934 0.779567 0.794849 0.803887 0.840913 0.882608 0.89946 0.925954 0.941826 0.94276 0.972241 0.974092 0.974896 0.978685 0.979996 0.985026 0.98517 0.98779 0.992073 0.994228 0.995016 0.996414 0.996497 0.998137 0.999103 0.999418 0.999751 0.99997 0.999981 0.999988 0.999988 0.999997 1 
703, 0.347458, 82, 300
0.001095 0.00146765 0.00265098 0.00279284 0.00412357 0.00580531 0.0305617 0.0623829 0.0691893 0.103569 0.104558 0.136442 0.140229 0.148568 0.242641 0.260706 0.271206 0.281977 0.295915 0.302383 0.306118 0.312125 0.322598 0.324717 0.34885 0.371825 0.371825 0.373779 0.387366 0.433337 0.46239 0.466059 0.538874 0.545985 0.55978 0.584415 0.6002 0.6002 0.603785 0.604728 0.643408 0.645161 0.645161 0.657392 0.657392 0.657392 0.657392 0.657392 0.657392 0.657392 0.657392 0.657392 0.657392 0.657392 0.657392 0.683593 0.68475 0.685916 0.689096 0.690273 0.692102 0.696941 0.697904 0.702443 0.705148 0.708172 0.71994 0.735593 0.748141 0.77596 0.785444 0.839446 0.902095 0.913011 0.927013 0.943809 0.950363 0.958867 0.965225 0.976717 0.980334 0.981568 0.981626 0.99009 0.990796 0.994553 0.994752 0.994994 0.996285 0.997745 0.9988 0.999042 0.999691 0.99987 0.999973 0.999992 0.999995 0.999995 0.999996 1 
