379, 0.434805, 102, 300
1.055e-05 9.24468e-05 0.000201225 0.000201225 0.000201225 0.000201225 0.000201225 0.000358582 0.000599802 0.00227302 0.00297111 0.0607005 0.0649219 0.0778119 0.0888819 0.0923278 0.10843 0.130958 0.171096 0.235045 0.279481 0.292132 0.310168 0.317837 0.327321 0.346617 0.354993 0.380458 0.395609 0.400912 0.401873 0.460545 0.479109 0.489267 0.499776 0.50074 0.504198 0.524087 0.52731 0.529069 0.547574 0.560836 0.561229 0.582303 0.598306 0.609071 0.611048 0.614415 0.631753 0.648779 0.656351 0.665105 0.6939 0.696619 0.706557 0.722026 0.731439 0.758031 0.77123 0.779837 0.804718 0.807169 0.817307 0.824877 0.850934 0.856297 0.862735 0.874367 0.875457 0.879115 0.881678 0.89262 0.898835 0.901159 0.90563 0.905855 0.91418 0.922086 0.934889 0.939442 0.946711 0.952238 0.960634 0.96647 0.968744 0.976365 0.978265 0.978423 0.98145 0.9833 0.985124 0.991359 0.993362 0.997857 0.998862 0.99915 0.999329 0.999966 0.999989 1 
366, 0.434805, 101, 300
1.055e-05 9.24468e-05 0.000201225 0.000201225 0.000201225 0.000201225 0.000201225 0.000358582 0.000599802 0.00227302 0.00297111 0.0607005 0.0649219 0.0778119 0.0888819 0.0923278 0.10843 0.130958 0.171096 0.235045 0.279481 0.292132 0.310168 0.317837 0.327323 0.346617 0.354993 0.380458 0.395609 0.400912 0.401875 0.460547 0.479109 0.489267 0.499778 0.50074 0.504198 0.524087 0.52731 0.529069 0.547575 0.560836 0.561229 0.582303 0.598306 0.609071 0.611048 0.614416 0.631753 0.648779 0.656351 0.665106 0.6939 0.696619 0.706557 0.722027 0.731439 0.758032 0.77123 0.77984 0.804719 0.807171 0.817307 0.824878 0.850934 0.856297 0.862735 0.874367 0.875457 0.879115 0.881678 0.892622 0.898835 0.901159 0.905631 0.905855 0.91418 0.922086 0.93489 0.939442 0.946712 0.952238 0.960634 0.96647 0.968744 0.976365 0.978265 0.978423 0.98145 0.9833 0.985124 0.991359 0.993362 0.997857 0.998862 0.99915 0.999329 0.999966 0.999989 1 
363, 0.434805, 104, 300
1.055e-05 9.24468e-05 0.000201225 0.000201225 0.000201225 0.000201225 0.000201225 0.000358582 0.000599802 0.00227302 0.00297111 0.0607005 0.0649219 0.0778119 0.0888819 0.0923278 0.10843 0.130958 0.171096 0.235045 0.279481 0.292132 0.310168 0.317837 0.327321 0.346617 0.354993 0.380458 0.395609 0.400912 0.401873 0.460545 0.479109 0.489267 0.499776 0.50074 0.504198 0.524087 0.52731 0.529069 0.547574 0.560836 0.561229 0.582302 0.598306 0.609071 0.611048 0.614415 0.631753 0.648779 0.656351 0.665105 0.6939 0.696619 0.706557 0.722026 0.731439 0.758031 0.77123 0.779837 0.804718 0.807169 0.817307 0.824877 0.850934 0.856297 0.862735 0.874367 0.875457 0.879115 0.881678 0.89262 0.898835 0.901159 0.90563 0.905855 0.91418 0.922086 0.934889 0.939442 0.946711 0.952238 0.960634 0.96647 0.968744 0.976365 0.978265 0.978423 0.98145 0.9833 0.985124 0.991359 0.993362 0.997857 0.998862 0.99915 0.999329 0.999966 0.999989 1 
367, 0.434805, 104, 300
1.055e-05 9.24468e-05 0.000201225 0.000201225 0.000201225 0.000201225 0.000201225 0.000358582 0.000599802 0.00227302 0.00297111 0.0607005 0.0649219 0.0778119 0.0888819 0.0923278 0.10843 0.130958 0.171096 0.235045 0.279481 0.292132 0.310168 0.317837 0.327321 0.346617 0.354993 0.380458 0.395609 0.400912 0.401873 0.460545 0.479109 0.489267 0.499776 0.50074 0.504198 0.524087 0.52731 0.529069 0.547574 0.560836 0.561229 0.582303 0.598306 0.609071 0.611048 0.614415 0.631753 0.648779 0.656351 0.665105 0.6939 0.696619 0.706557 0.722026 0.731439 0.758031 0.77123 0.779837 0.804718 0.807169 0.817307 0.824877 0.850934 0.856297 0.862735 0.874367 0.875457 0.879115 0.881678 0.89262 0.898835 0.901159 0.90563 0.905855 0.91418 0.922086 0.934889 0.939442 0.946711 0.952238 0.960634 0.96647 0.968744 0.976365 0.978265 0.978423 0.98145 0.9833 0.985124 0.991359 0.993362 0.997857 0.998862 0.99915 0.999329 0.999966 0.999989 1 
366, 0.431096, 103, 300
1.055e-05 9.23872e-05 0.000201225 0.000201225 0.000201225 0.000201225 0.000201225 0.000358462 0.000599444 0.00227058 0.00295949 0.0653904 0.0711789 0.0849172 0.0937742 0.0948321 0.108395 0.143899 0.190258 0.235286 0.272413 0.294152 0.306009 0.316818 0.33157 0.349054 0.351804 0.369863 0.390694 0.400747 0.409279 0.444771 0.451674 0.458449 0.470874 0.488632 0.49457 0.502725 0.513365 0.520485 0.537494 0.552056 0.559238 0.561096 0.583203 0.598458 0.600193 0.615251 0.619835 0.638422 0.66536 0.666429 0.707412 0.716275 0.725651 0.729398 0.732793 0.744362 0.774196 0.786343 0.812744 0.829961 0.83219 0.840776 0.844497 0.848337 0.855358 0.859305 0.863526 0.87732 0.885762 0.889378 0.896727 0.897111 0.904466 0.90514 0.908012 0.909151 0.927285 0.938604 0.949901 0.955934 0.96929 0.969407 0.969431 0.977319 0.978335 0.980254 0.9827 0.984724 0.986258 0.990355 0.991992 0.997832 0.998549 0.999282 0.999392 0.999965 1 1 
360, 0.434805, 103, 300
1.055e-05 9.24468e-05 0.000201225 0.000201225 0.000201225 0.000201225 0.000201225 0.000358582 0.000599802 0.00227302 0.00297111 0.0607005 0.0649219 0.0778119 0.0888819 0.0923278 0.10843 0.130958 0.171096 0.235045 0.279481 0.292132 0.310168 0.317837 0.327321 0.346617 0.354993 0.380458 0.395609 0.400912 0.401873 0.460545 0.479109 0.489267 0.499776 0.50074 0.504198 0.524087 0.52731 0.529069 0.547574 0.560836 0.561229 0.582302 0.598306 0.609071 0.611048 0.614415 0.631753 0.648779 0.656351 0.665105 0.6939 0.696619 0.706557 0.722026 0.731439 0.758031 0.77123 0.779837 0.804718 0.807169 0.817307 0.824877 0.850934 0.856297 0.862735 0.874367 0.875457 0.879115 0.881678 0.89262 0.898835 0.901159 0.90563 0.905855 0.91418 0.922086 0.934889 0.939442 0.946711 0.952238 0.960634 0.96647 0.968744 0.976365 0.978265 0.978423 0.98145 0.9833 0.985124 0.991359 0.993362 0.997857 0.998862 0.99915 0.999329 0.999966 0.999989 1 
370, 0.431096, 101, 300
1.055e-05 9.23872e-05 0.000201225 0.000201225 0.000201225 0.000201225 0.000201225 0.000358462 0.000599444 0.00227058 0.00295949 0.0653904 0.0711789 0.0849172 0.0937742 0.0948321 0.108395 0.143899 0.190258 0.235286 0.272413 0.294152 0.306009 0.316818 0.331575 0.349054 0.351804 0.369863 0.390694 0.400747 0.409284 0.444771 0.451674 0.458453 0.470874 0.488632 0.49457 0.502725 0.513368 0.520485 0.537494 0.55206 0.559238 0.561096 0.583203 0.598458 0.600193 0.615251 0.619837 0.638422 0.66536 0.666432 0.707412 0.716275 0.725651 0.7294 0.732795 0.744362 0.774198 0.786349 0.812748 0.829961 0.832194 0.840777 0.844497 0.848337 0.855358 0.859305 0.863526 0.87732 0.885762 0.889379 0.89673 0.897115 0.904466 0.90514 0.908012 0.909155 0.927285 0.938605 0.949903 0.955935 0.96929 0.969409 0.969432 0.977319 0.978335 0.980254 0.982701 0.984724 0.986258 0.990355 0.991993 0.997832 0.998549 0.999282 0.999392 0.999965 1 1 
367, 0.408881, 102, 300
1.04308e-05 9.17912e-05 0.000199795 0.000199795 0.000199795 0.000199795 0.000199795 0.000356197 0.00059545 0.00224692 0.00293695 0.0570399 0.0703833 0.0834296 0.10741 0.109434 0.112953 0.135516 0.203389 0.232769 0.232795 0.273903 0.293481 0.320338 0.3253 0.334483 0.338162 0.362889 0.367014 0.392897 0.395581 0.397076 0.398491 0.420529 0.427547 0.440281 0.447513 0.502485 0.505282 0.508333 0.511122 0.521395 0.528832 0.534647 0.554927 0.555606 0.567078 0.572511 0.580052 0.593716 0.613306 0.66601 0.667123 0.669498 0.687404 0.697025 0.732171 0.733127 0.772381 0.773669 0.77752 0.781584 0.800059 0.805746 0.815802 0.833397 0.839599 0.843516 0.843841 0.856198 0.862214 0.866303 0.872025 0.88131 0.882105 0.882208 0.886623 0.89961 0.909576 0.910473 0.922362 0.929975 0.940502 0.96138 0.964541 0.969736 0.970382 0.971314 0.976534 0.979682 0.983457 0.98531 0.990074 0.994632 0.998074 0.999015 0.999123 0.999962 1 1 
370, 0.435063, 104, 300
1.055e-05 9.23872e-05 0.000201046 0.000201046 0.000201046 0.000201046 0.000201046 0.000358284 0.000599265 0.00227135 0.00296944 0.0607005 0.0649219 0.0778119 0.0888819 0.0923037 0.108177 0.130958 0.171096 0.234498 0.279481 0.292001 0.308206 0.317402 0.32732 0.346335 0.372174 0.395809 0.400475 0.401836 0.444677 0.458335 0.478769 0.48795 0.499067 0.499768 0.505633 0.521874 0.524233 0.527691 0.547233 0.559802 0.560056 0.582496 0.596363 0.607949 0.610208 0.611035 0.630538 0.64602 0.655351 0.664594 0.693492 0.696619 0.706557 0.718485 0.731436 0.754102 0.769283 0.779837 0.804718 0.807169 0.816786 0.824863 0.850923 0.855641 0.861098 0.873849 0.876279 0.876408 0.882464 0.89262 0.89972 0.900666 0.90563 0.906956 0.914007 0.921859 0.934568 0.938587 0.946451 0.951274 0.959285 0.966469 0.968488 0.976344 0.97823 0.978586 0.98145 0.982993 0.985074 0.991357 0.993074 0.997831 0.998836 0.99915 0.999288 0.999966 0.999989 1 
366, 0.424723, 102, 300
1.055e-05 9.23872e-05 0.000201225 0.000201225 0.000201225 0.000201225 0.000201225 0.000358462 0.000599444 0.00227058 0.00295949 0.0593528 0.0627926 0.0756856 0.0830223 0.0899893 0.108395 0.114769 0.149991 0.233713 0.247492 0.272413 0.283482 0.310113 0.326944 0.336822 0.351804 0.369863 0.390694 0.398073 0.400747 0.444623 0.451674 0.454701 0.470874 0.478007 0.49457 0.49879 0.50538 0.513931 0.520485 0.545379 0.559238 0.561096 0.583203 0.593671 0.598458 0.615251 0.61665 0.624384 0.653088 0.66038 0.674608 0.691596 0.701118 0.726663 0.730783 0.732052 0.764963 0.780274 0.794133 0.803795 0.806989 0.824044 0.842519 0.845121 0.845721 0.849218 0.858181 0.871194 0.87622 0.879376 0.891355 0.892213 0.901428 0.903039 0.903359 0.905313 0.921633 0.93764 0.947295 0.953557 0.965667 0.96573 0.968456 0.971655 0.974468 0.975528 0.981274 0.981647 0.985288 0.990267 0.991118 0.997181 0.997772 0.999037 0.999321 0.999954 1 1 
365, 0.438157, 103, 300
1.06096e-05 9.31621e-05 0.000202656 0.000202656 0.000202656 0.000202656 0.000202656 0.000363052 0.000607133 0.00229782 0.0030058 0.029943 0.0607479 0.0655257 0.0784794 0.0891321 0.0929251 0.112728 0.132293 0.170269 0.244385 0.278297 0.293882 0.29885 0.335584 0.337453 0.351445 0.377293 0.390356 0.390362 0.395753 0.416056 0.471439 0.525937 0.528447 0.534427 0.539229 0.555841 0.573593 0.587168 0.595638 0.613404 0.628238 0.643184 0.647218 0.648805 0.656063 0.66691 0.66755 0.673429 0.690231 0.70037 0.708036 0.717415 0.719827 0.722191 0.727028 0.731382 0.741986 0.741989 0.754715 0.767483 0.770472 0.79548 0.800073 0.814446 0.823279 0.84581 0.851023 0.866503 0.878961 0.885226 0.895002 0.909939 0.912861 0.919302 0.923523 0.925348 0.931113 0.9325 0.938982 0.941381 0.956524 0.957019 0.95824 0.971933 0.972486 0.973719 0.980793 0.984942 0.985624 0.986406 0.989666 0.995595 0.998358 0.998492 0.998978 0.999979 0.999989 1 
379, 0.434805, 102, 300
1.055e-05 9.24468e-05 0.000201225 0.000201225 0.000201225 0.000201225 0.000201225 0.000358582 0.000599802 0.00227302 0.00297111 0.0607005 0.0649219 0.0778119 0.0888819 0.0923278 0.10843 0.130958 0.171096 0.235045 0.279481 0.292132 0.310168 0.317837 0.327321 0.346617 0.354993 0.380458 0.395609 0.400912 0.401873 0.460545 0.479109 0.489267 0.499776 0.50074 0.504198 0.524087 0.52731 0.529069 0.547574 0.560836 0.561229 0.582302 0.598306 0.609071 0.611048 0.614415 0.631753 0.648779 0.656351 0.665105 0.6939 0.696619 0.706557 0.722026 0.731439 0.758031 0.77123 0.779837 0.804718 0.807169 0.817307 0.824877 0.850934 0.856297 0.862735 0.874367 0.875457 0.879115 0.881678 0.89262 0.898835 0.901159 0.90563 0.905855 0.91418 0.922086 0.934889 0.939442 0.946711 0.952238 0.960634 0.96647 0.968744 0.976365 0.978265 0.978423 0.98145 0.9833 0.985124 0.991359 0.993362 0.997857 0.998862 0.99915 0.999329 0.999966 0.999989 1 
363, 0.42935, 102, 300
1.055e-05 9.24468e-05 0.000201225 0.000201225 0.000201225 0.000201225 0.000201225 0.000358582 0.000599802 0.00227302 0.00297111 0.0529339 0.057766 0.0636937 0.0679048 0.0836648 0.0914358 0.108431 0.117178 0.202776 0.2347 0.288935 0.29897 0.316043 0.32365 0.344272 0.355124 0.385971 0.390488 0.398045 0.400913 0.457914 0.472628 0.490113 0.492937 0.494461 0.498842 0.511993 0.524132 0.52932 0.542182 0.561273 0.567345 0.588118 0.592384 0.610063 0.611783 0.61992 0.628275 0.643492 0.648793 0.65505 0.664524 0.676327 0.68683 0.710391 0.723204 0.746931 0.758742 0.76364 0.774691 0.786502 0.802403 0.815043 0.836787 0.857648 0.861656 0.872553 0.874358 0.877672 0.879643 0.887577 0.888321 0.894368 0.902497 0.903984 0.910862 0.911166 0.933088 0.940006 0.947385 0.950041 0.959473 0.962444 0.966416 0.973008 0.975124 0.977068 0.979066 0.980203 0.983946 0.990761 0.993461 0.995975 0.998698 0.998973 0.999263 0.999951 0.999989 1 
360, 0.438461, 102, 300
2.20537e-06 2.86698e-05 6.16908e-05 6.16908e-05 6.16908e-05 6.16908e-05 6.16908e-05 0.000264168 0.000370145 0.0014199 0.00162548 0.058879 0.0620618 0.0746739 0.0856451 0.0880633 0.0928349 0.103921 0.127389 0.165758 0.260532 0.270712 0.292168 0.323105 0.335787 0.336283 0.359936 0.380212 0.393532 0.397267 0.41121 0.41514 0.478151 0.504575 0.517854 0.525635 0.538923 0.556327 0.573996 0.583469 0.587108 0.610997 0.632446 0.646627 0.654106 0.657752 0.665817 0.667067 0.685055 0.687757 0.694393 0.697953 0.699768 0.70722 0.72332 0.728982 0.739261 0.741075 0.74473 0.765248 0.774082 0.797978 0.80121 0.802104 0.817901 0.820411 0.8487 0.864083 0.879248 0.888344 0.889097 0.897243 0.902571 0.906532 0.91371 0.92018 0.925546 0.928926 0.936105 0.937388 0.940952 0.949015 0.952731 0.961897 0.963699 0.967975 0.976297 0.978961 0.980405 0.984561 0.987621 0.988137 0.99063 0.995928 0.99822 0.999007 0.999385 0.999977 0.99999 1 
374, 0.434805, 102, 300
1.055e-05 9.24468e-05 0.000201225 0.000201225 0.000201225 0.000201225 0.000201225 0.000358582 0.000599802 0.00227302 0.00297111 0.0607005 0.0649219 0.0778119 0.0888819 0.0923278 0.10843 0.130958 0.171096 0.235045 0.279481 0.292132 0.310168 0.317837 0.327321 0.346617 0.354993 0.380458 0.395609 0.400912 0.401873 0.460545 0.479109 0.489267 0.499776 0.50074 0.504198 0.524087 0.52731 0.529069 0.547574 0.560836 0.561229 0.582302 0.598306 0.609071 0.611048 0.614415 0.631753 0.648779 0.656351 0.665105 0.6939 0.696619 0.706557 0.722026 0.731439 0.758031 0.77123 0.779837 0.804718 0.807169 0.817307 0.824877 0.850934 0.856297 0.862735 0.874367 0.875457 0.879115 0.881678 0.89262 0.898835 0.901159 0.90563 0.905855 0.91418 0.922086 0.934889 0.939442 0.946711 0.952238 0.960634 0.96647 0.968744 0.976365 0.978265 0.978423 0.98145 0.9833 0.985124 0.991359 0.993362 0.997857 0.998862 0.99915 0.999329 0.999966 0.999989 1 
