321, 0.434805, 102, 300
1.055e-05 9.24468e-05 0.000201225 0.000201225 0.000201225 0.000201225 0.000201225 0.000358582 0.000599802 0.00227302 0.00297111 0.0607005 0.0649219 0.0778119 0.0888819 0.0923278 0.10843 0.130958 0.171096 0.235045 0.279481 0.292132 0.310168 0.317837 0.327321 0.346617 0.354993 0.380458 0.395609 0.400912 0.401873 0.460545 0.479109 0.489267 0.499776 0.50074 0.504198 0.524087 0.52731 0.529069 0.547574 0.560836 0.561229 0.582302 0.598306 0.609071 0.611048 0.614415 0.631753 0.648779 0.656351 0.665105 0.6939 0.696619 0.706557 0.722026 0.731439 0.758031 0.77123 0.779837 0.804718 0.807169 0.817307 0.824877 0.850934 0.856297 0.862735 0.874367 0.875457 0.879115 0.881678 0.89262 0.898835 0.901159 0.90563 0.905855 0.91418 0.922086 0.934889 0.939442 0.946711 0.952238 0.960634 0.96647 0.968744 0.976365 0.978265 0.978423 0.98145 0.9833 0.985124 0.991359 0.993362 0.997857 0.998862 0.99915 0.999329 0.999966 0.999989 1 
337, 0.440828, 102, 300
1.06096e-05 9.2864e-05 0.000202477 0.000202477 0.000202477 0.000202477 0.000202477 0.000362456 0.000606358 0.00229424 0.00299257 0.0607111 0.064968 0.0778602 0.0889049 0.0927682 0.0958851 0.112081 0.13098 0.17121 0.243161 0.27972 0.293546 0.322582 0.326272 0.327359 0.350931 0.383894 0.396142 0.402471 0.413359 0.414901 0.50008 0.522422 0.528591 0.534207 0.55216 0.552655 0.573048 0.585879 0.587536 0.612497 0.624244 0.645796 0.659206 0.66473 0.666587 0.672458 0.694503 0.696543 0.698807 0.69962 0.706483 0.707577 0.731687 0.73349 0.737759 0.741858 0.752812 0.767242 0.779868 0.804603 0.807195 0.811584 0.821988 0.825223 0.851246 0.865499 0.88106 0.892642 0.893493 0.898926 0.905647 0.910256 0.917825 0.918358 0.923655 0.924509 0.939065 0.940613 0.944235 0.950156 0.953149 0.963602 0.966497 0.972369 0.977063 0.980637 0.981456 0.984567 0.987149 0.989319 0.991393 0.996242 0.998424 0.999151 0.999453 0.999979 0.99999 1 
415, 0.430253, 105, 300
1.055e-05 9.23872e-05 0.000201225 0.000201225 0.000201225 0.000201225 0.000201225 0.000358462 0.000599444 0.00227058 0.00295949 0.0654623 0.0711792 0.0849171 0.0937693 0.0948327 0.108395 0.143898 0.190882 0.235284 0.272413 0.294029 0.306592 0.310902 0.316723 0.349108 0.351804 0.369863 0.390694 0.39102 0.400747 0.441704 0.444771 0.451674 0.470874 0.486463 0.488606 0.49457 0.502726 0.520485 0.53756 0.538235 0.559238 0.561096 0.583203 0.598458 0.600196 0.606811 0.615251 0.638407 0.655024 0.665188 0.707309 0.710613 0.720132 0.720175 0.729928 0.743518 0.7606 0.76714 0.786333 0.814968 0.829748 0.834563 0.844376 0.848337 0.855359 0.858823 0.86352 0.877319 0.879336 0.882541 0.883776 0.886251 0.890939 0.904195 0.905122 0.90803 0.927279 0.935342 0.941474 0.952781 0.96328 0.965198 0.969293 0.974901 0.975441 0.976542 0.980252 0.984243 0.984834 0.988807 0.990353 0.997774 0.998548 0.99867 0.99901 0.999957 1 1 
447, 0.434811, 101, 300
1.055e-05 9.24468e-05 0.000201225 0.000201225 0.000201225 0.000201225 0.000201225 0.000358582 0.000599802 0.00227302 0.00297111 0.0607005 0.0649219 0.0778119 0.0888819 0.0923278 0.10843 0.130958 0.171096 0.235045 0.279481 0.292132 0.310168 0.317837 0.326894 0.346617 0.354993 0.380458 0.395609 0.400912 0.401493 0.460203 0.479109 0.489267 0.499478 0.50074 0.504198 0.524087 0.52731 0.529069 0.547287 0.560836 0.561229 0.582302 0.598306 0.609071 0.611048 0.61417 0.631753 0.648779 0.656351 0.664892 0.6939 0.696628 0.706566 0.72185 0.731439 0.757877 0.771085 0.779278 0.804595 0.806802 0.817307 0.824543 0.850934 0.856297 0.862735 0.874367 0.875457 0.879115 0.881678 0.892279 0.898835 0.901033 0.90527 0.905855 0.91418 0.922086 0.934765 0.939365 0.946542 0.952177 0.960534 0.966363 0.968744 0.976324 0.978265 0.978396 0.981332 0.9833 0.985096 0.991299 0.993362 0.997857 0.998861 0.999143 0.999323 0.999966 0.999989 1 
454, 0.43235, 102, 300
3.51667e-06 3.0458e-05 6.1214e-05 6.1214e-05 6.1214e-05 6.1214e-05 6.1214e-05 0.000262618 0.000370085 0.00140929 0.00160998 0.0588696 0.0620168 0.0746268 0.0856232 0.087634 0.100462 0.127371 0.16565 0.252117 0.270485 0.290762 0.317621 0.322052 0.323072 0.355608 0.362698 0.381348 0.392995 0.393473 0.397018 0.462965 0.474445 0.477867 0.484406 0.487422 0.503773 0.506138 0.514294 0.528471 0.551508 0.55943 0.563212 0.582471 0.605042 0.607075 0.608887 0.62039 0.626814 0.633086 0.64714 0.655259 0.684276 0.687848 0.698041 0.711088 0.728739 0.756415 0.774046 0.774655 0.798101 0.802075 0.813086 0.820053 0.848393 0.853817 0.86049 0.869171 0.873335 0.873803 0.889073 0.896262 0.896574 0.900279 0.900816 0.902551 0.909335 0.916238 0.931068 0.938778 0.945365 0.951607 0.958812 0.963672 0.963864 0.975541 0.976432 0.977543 0.980398 0.981518 0.98566 0.990596 0.99348 0.997593 0.998752 0.999006 0.999247 0.999961 0.999989 1 
443, 0.440828, 104, 300
1.06096e-05 9.2864e-05 0.000202477 0.000202477 0.000202477 0.000202477 0.000202477 0.000362456 0.000606358 0.00229424 0.00299257 0.0607111 0.064968 0.0778602 0.0889049 0.0927682 0.0958851 0.112081 0.13098 0.17121 0.243161 0.27972 0.293546 0.322582 0.326272 0.327359 0.350931 0.383894 0.396142 0.402471 0.413359 0.414901 0.50008 0.522422 0.528591 0.534207 0.55216 0.552655 0.573048 0.585879 0.587536 0.612497 0.624244 0.645796 0.659206 0.66473 0.666587 0.672458 0.694503 0.696543 0.698807 0.69962 0.706483 0.707577 0.731687 0.73349 0.737759 0.741858 0.752812 0.767242 0.779868 0.804603 0.807195 0.811584 0.821988 0.825223 0.851246 0.865499 0.88106 0.892642 0.893493 0.898926 0.905647 0.910256 0.917825 0.918358 0.923655 0.924509 0.939065 0.940614 0.944235 0.950156 0.953149 0.963602 0.966497 0.972369 0.977063 0.980637 0.981456 0.984567 0.987149 0.989319 0.991393 0.996242 0.998424 0.999151 0.999453 0.999979 0.99999 1 
430, 0.434805, 102, 300
1.055e-05 9.24468e-05 0.000201225 0.000201225 0.000201225 0.000201225 0.000201225 0.000358582 0.000599802 0.00227302 0.00297111 0.0607005 0.0649219 0.0778119 0.0888819 0.0923278 0.10843 0.130958 0.171096 0.235045 0.279481 0.292132 0.310168 0.317837 0.327321 0.346617 0.354993 0.380458 0.395609 0.400912 0.401873 0.460545 0.479109 0.489267 0.499776 0.50074 0.504198 0.524087 0.52731 0.529069 0.547574 0.560836 0.561229 0.582302 0.598306 0.609071 0.611048 0.614415 0.631753 0.648779 0.656351 0.665105 0.6939 0.696619 0.706557 0.722026 0.731439 0.758031 0.77123 0.779837 0.804718 0.807169 0.817307 0.824877 0.850934 0.856297 0.862735 0.874367 0.875457 0.879115 0.881678 0.89262 0.898835 0.901159 0.90563 0.905855 0.91418 0.922086 0.934889 0.939442 0.946711 0.952238 0.960634 0.96647 0.968744 0.976365 0.978265 0.978423 0.98145 0.9833 0.985124 0.991359 0.993362 0.997857 0.998862 0.99915 0.999329 0.999966 0.999989 1 
443, 0.434805, 103, 300
1.055e-05 9.24468e-05 0.000201225 0.000201225 0.000201225 0.000201225 0.000201225 0.000358582 0.000599802 0.00227302 0.00297111 0.0607005 0.0649219 0.0778119 0.0888819 0.0923278 0.10843 0.130958 0.171096 0.235045 0.279481 0.292132 0.310168 0.317837 0.32371 0.346617 0.354993 0.380458 0.395609 0.398662 0.400912 0.457649 0.479109 0.489267 0.497093 0.50074 0.504198 0.524087 0.52731 0.529069 0.545145 0.560836 0.561229 0.582302 0.598306 0.609071 0.611048 0.612345 0.631753 0.648779 0.656351 0.663307 0.6939 0.696626 0.706563 0.720534 0.731439 0.759412 0.770001 0.777548 0.80367 0.804047 0.817307 0.822041 0.850934 0.856297 0.862735 0.874367 0.875457 0.879115 0.881678 0.888478 0.898835 0.900094 0.902549 0.905855 0.91418 0.922086 0.933835 0.938603 0.945265 0.951723 0.959659 0.965803 0.968744 0.975984 0.978191 0.978265 0.980429 0.9833 0.984883 0.990835 0.993362 0.997857 0.998865 0.999094 0.999285 0.999965 0.999989 1 
443, 0.43468, 100, 300
9.29832e-06 8.73208e-05 0.000192642 0.000192642 0.000192642 0.000192642 0.000192642 0.000357985 0.000588953 0.00224233 0.00285184 0.0605712 0.0647182 0.0775888 0.0886507 0.0921495 0.108058 0.130706 0.170698 0.236449 0.278821 0.292097 0.311156 0.317833 0.327069 0.347387 0.35557 0.380529 0.395468 0.40073 0.401343 0.460756 0.478785 0.489145 0.498292 0.499809 0.504254 0.523052 0.526526 0.529036 0.547991 0.560739 0.561439 0.582446 0.599005 0.609996 0.610853 0.614101 0.631382 0.647776 0.656295 0.664016 0.693277 0.696011 0.705967 0.721436 0.731287 0.757911 0.771506 0.779473 0.804266 0.806845 0.817055 0.824602 0.850788 0.856144 0.862611 0.874081 0.875371 0.878795 0.882807 0.892397 0.899007 0.900857 0.905437 0.905532 0.913864 0.921701 0.934656 0.939412 0.946631 0.9522 0.960509 0.966288 0.968454 0.976322 0.978147 0.978368 0.981384 0.983202 0.985173 0.991313 0.993376 0.99784 0.998855 0.999141 0.999324 0.999966 0.999989 1 
429, 0.434805, 103, 300
1.055e-05 9.24468e-05 0.000201225 0.000201225 0.000201225 0.000201225 0.000201225 0.000358582 0.000599802 0.00227302 0.00297111 0.0607005 0.0649219 0.0778119 0.0888819 0.0923278 0.10843 0.130958 0.171096 0.235045 0.279481 0.292132 0.310168 0.317837 0.327321 0.346617 0.354993 0.380458 0.395609 0.400912 0.401873 0.460545 0.479109 0.489267 0.499776 0.50074 0.504198 0.524087 0.52731 0.529069 0.547574 0.560836 0.561229 0.582302 0.598306 0.609071 0.611048 0.614415 0.631753 0.648779 0.656351 0.665105 0.6939 0.696619 0.706557 0.722026 0.731439 0.758031 0.77123 0.779837 0.804718 0.807169 0.817307 0.824877 0.850934 0.856297 0.862735 0.874367 0.875457 0.879115 0.881678 0.89262 0.898835 0.901158 0.90563 0.905855 0.91418 0.922086 0.934889 0.939441 0.946711 0.952238 0.960634 0.96647 0.968744 0.976365 0.978265 0.978423 0.98145 0.9833 0.985124 0.991359 0.993362 0.997857 0.998862 0.99915 0.999329 0.999966 0.999989 1 
412, 0.440828, 102, 300
1.06096e-05 9.2864e-05 0.000202477 0.000202477 0.000202477 0.000202477 0.000202477 0.000362456 0.000606358 0.00229424 0.00299257 0.0607111 0.064968 0.0778602 0.0889049 0.0927682 0.0958851 0.112081 0.13098 0.17121 0.243161 0.27972 0.293546 0.322582 0.326272 0.327359 0.350931 0.383894 0.396142 0.402471 0.413359 0.414901 0.50008 0.522422 0.528591 0.534207 0.55216 0.552655 0.573048 0.585879 0.587536 0.612497 0.624244 0.645796 0.659206 0.66473 0.666587 0.672458 0.694503 0.696543 0.698807 0.69962 0.706483 0.707577 0.731687 0.73349 0.737759 0.741858 0.752812 0.767242 0.779868 0.804603 0.807195 0.811584 0.821988 0.825223 0.851246 0.865499 0.88106 0.892642 0.893493 0.898926 0.905647 0.910256 0.917825 0.918358 0.923655 0.924509 0.939065 0.940614 0.944235 0.950156 0.953149 0.963602 0.966497 0.972369 0.977063 0.980637 0.981456 0.984567 0.987149 0.989319 0.991393 0.996242 0.998424 0.999151 0.999453 0.999979 0.99999 1 
438, 0.434805, 104, 300
1.055e-05 9.24468e-05 0.000201225 0.000201225 0.000201225 0.000201225 0.000201225 0.000358582 0.000599802 0.00227302 0.00297111 0.0607005 0.0649219 0.0778119 0.0888819 0.0923278 0.10843 0.130958 0.171096 0.235045 0.279481 0.292132 0.310168 0.317837 0.327321 0.346617 0.354993 0.380458 0.395609 0.400912 0.401873 0.460545 0.479109 0.489267 0.499776 0.50074 0.504198 0.524087 0.52731 0.529069 0.547574 0.560836 0.561229 0.582303 0.598306 0.609071 0.611048 0.614415 0.631753 0.648779 0.656351 0.665105 0.6939 0.696619 0.706557 0.722026 0.731439 0.758031 0.77123 0.779837 0.804718 0.807169 0.817307 0.824877 0.850934 0.856297 0.862735 0.874367 0.875457 0.879115 0.881678 0.89262 0.898835 0.901159 0.90563 0.905855 0.91418 0.922086 0.934889 0.939442 0.946711 0.952238 0.960634 0.96647 0.968744 0.976365 0.978265 0.978423 0.98145 0.9833 0.985124 0.991359 0.993362 0.997857 0.998862 0.99915 0.999329 0.999966 0.999989 1 
440, 0.434805, 102, 300
1.055e-05 9.24468e-05 0.000201225 0.000201225 0.000201225 0.000201225 0.000201225 0.000358582 0.000599802 0.00227302 0.00297111 0.0607005 0.0649219 0.0778119 0.0888819 0.0923278 0.10843 0.130958 0.171096 0.235045 0.279481 0.292132 0.310168 0.317837 0.327321 0.346617 0.354993 0.380458 0.395609 0.400912 0.401873 0.460545 0.479109 0.489267 0.499776 0.50074 0.504198 0.524087 0.52731 0.529069 0.547574 0.560836 0.561229 0.582303 0.598306 0.609071 0.611048 0.614415 0.631753 0.648779 0.656351 0.665105 0.6939 0.696619 0.706557 0.722026 0.731439 0.758031 0.77123 0.779837 0.804718 0.807169 0.817307 0.824877 0.850934 0.856297 0.862735 0.874367 0.875457 0.879115 0.881678 0.89262 0.898835 0.901159 0.90563 0.905855 0.91418 0.922085 0.934889 0.939442 0.946711 0.952238 0.960634 0.96647 0.968744 0.976365 0.978265 0.978423 0.98145 0.9833 0.985124 0.991359 0.993362 0.997857 0.998862 0.99915 0.999329 0.999966 0.999989 1 
423, 0.434805, 101, 300
1.055e-05 9.24468e-05 0.000201225 0.000201225 0.000201225 0.000201225 0.000201225 0.000358582 0.000599802 0.00227302 0.00297111 0.0607005 0.0649219 0.0778119 0.0888819 0.0923278 0.10843 0.130958 0.171096 0.235045 0.279481 0.292132 0.310168 0.317837 0.327323 0.346617 0.354993 0.380458 0.395609 0.400912 0.401874 0.460546 0.479109 0.489267 0.499778 0.50074 0.504198 0.524087 0.52731 0.529069 0.547575 0.560836 0.561229 0.582302 0.598306 0.609071 0.611048 0.614416 0.631753 0.648779 0.656351 0.665106 0.6939 0.696619 0.706557 0.722027 0.731439 0.758032 0.77123 0.77984 0.804719 0.807171 0.817307 0.824878 0.850934 0.856297 0.862735 0.874367 0.875457 0.879115 0.881678 0.892622 0.898835 0.901159 0.905631 0.905855 0.91418 0.922086 0.934889 0.939442 0.946712 0.952238 0.960634 0.96647 0.968744 0.976365 0.978265 0.978423 0.98145 0.9833 0.985124 0.991359 0.993362 0.997857 0.998862 0.99915 0.999329 0.999966 0.999989 1 
413, 0.434774, 101, 300
1.055e-05 9.24468e-05 0.000201225 0.000201225 0.000201225 0.000201225 0.000201225 0.000358582 0.000599802 0.00227302 0.00297111 0.0607005 0.0649219 0.0778119 0.0858628 0.0923278 0.10843 0.130958 0.171096 0.235045 0.279481 0.292132 0.310168 0.317837 0.327321 0.346617 0.354993 0.380458 0.395609 0.400912 0.401873 0.460545 0.479109 0.489267 0.499776 0.50074 0.504198 0.524087 0.52731 0.529069 0.547574 0.560836 0.561229 0.582303 0.598306 0.609071 0.611048 0.614415 0.631753 0.648779 0.656351 0.665105 0.6939 0.696619 0.706557 0.721105 0.731439 0.758031 0.77123 0.779838 0.804718 0.80717 0.817307 0.824877 0.850934 0.856297 0.862735 0.874367 0.875457 0.879115 0.881678 0.89262 0.898835 0.901158 0.90563 0.905855 0.91418 0.922086 0.934889 0.938516 0.946711 0.952238 0.960634 0.96647 0.968744 0.976365 0.978265 0.978423 0.98145 0.9833 0.985124 0.991359 0.993362 0.997857 0.998862 0.99915 0.999329 0.999966 0.999989 1 
