10 8 100
100 5 1
0
0
-5.987781  -8.659118  -3.2631273  1.6913867  10.729876  -7.377927  0.8642234  -8.252404  -0.40205175  10.021684  -1.8899455  5.3284626  3.5002475  -11.332671  -8.262169  -3.0770655  -0.97558796  2.9323702  -5.344392  -8.304547  -2.9172213  -1.0542086  -2.9110315  4.551908  -6.4858828  6.193578  8.395093  -9.417941  8.844669  1.5809648  -0.9669085  7.1194034  7.109543  6.5964913  -2.095103  2.7227125  1.4174325  0.5940615  -2.062338  1.1619713  1.876912  1.5689601  -2.2314844  -4.21829  -2.4914396  4.800449  2.7729616  -3.8763826  4.15852  2.9411955  0.4106709  -4.779458  3.5578074  -5.0903244  0.6038364  2.775045  1.1494517  -3.7406967  1.4979259  -3.8403492  2.808453  2.4671006  -1.7793539  2.8869977  -2.3363833  -1.4321532  1.2593521  2.014331  1.5197484  -1.1543467  -0.34233865  -2.3408718  0.07674873  2.2465985  0.017910875  1.7100767  0.82418704  7.622048  0.88806206  1.5016443  1.5907325  -0.651546  2.8475928  1.4814134  -1.9836434  -3.963223  3.7050993  4.040903  -1.7903627  -2.5082712  -3.7700434  -2.4693646  -1.198682  -2.4022195  2.1676645  -1.5554847  -4.2335854  -0.051912114  -3.5308843  0.68342876
0
-7.6128473  -16.78868  0.89511263  0.122284696  1.8572059  -13.057512  -4.2848535  -15.497136  -1.4915825  15.334033  -3.4958844  6.2471905  2.7168343  -6.238798  -12.8837595  1.5319021  -8.217564  5.289187  -5.3787065  -7.5232053  -5.9657106  -7.5020194  -6.0180535  8.654941  -9.310667  12.101557  8.472636  -13.549451  9.121266  6.3686233  1.3629202  5.2843432  11.266587  10.666246  -5.4560657  4.5631213  3.3295875  3.650071  0.5761451  -2.3797984  4.073244  2.9337325  -0.8670271  -2.6583188  -3.2130077  4.4136252  1.1690369  -0.022169525  8.259117  4.39529  -2.2955573  -2.2293653  0.74709666  -6.579671  1.2859832  2.5701287  5.527683  -10.789014  0.31374604  -3.121655  3.563804  1.043479  -2.2011282  -0.025010984  -2.4833913  1.8734338  1.4147054  3.0480936  1.0495783  -1.2535764  -0.8608763  -3.464847  -3.911448  3.8986268  -2.2211444  1.8595487  4.762205  8.613429  0.40135893  -3.9833353  -0.46320498  -1.4612594  2.2870548  5.169014  -2.9984002  -10.561759  6.5785418  3.771996  -2.2181275  -2.987506  -1.2485275  -0.018035417  -0.55272514  -4.9706755  1.4648091  1.0542396  -11.252622  5.4420304  -2.9958467  -0.9403213
0
-2.9650571  -4.8364854  0.8524326  1.7688277  8.236938  -5.575184  2.5676446  -3.4267678  -1.8274417  6.876595  -1.7322029  5.5823565  3.028842  -7.4534516  -3.3840373  -3.944391  -0.45555353  2.922897  -1.946201  -3.9459198  -1.555535  0.64671326  -1.1882341  2.42302  -2.7157493  4.442763  4.931551  -6.735552  3.1384182  2.6000617  -0.3838305  4.752018  5.6528444  4.5578933  -0.75440556  2.3898861  0.84013766  0.5146086  -1.5214254  0.3423522  1.4301089  2.5611868  -1.901674  -1.5528958  -2.5144393  4.9626822  1.5249089  -3.4113548  4.022039  1.9808661  0.79946315  -3.2072053  2.6461518  -2.4321918  0.9401864  4.200114  2.751065  -4.327089  0.22784407  -1.6115717  2.817521  1.6455781  0.021624895  2.9958162  -0.6108761  -0.5320155  -0.17685026  -0.47246227  0.22855204  0.6975048  -0.026985407  -1.7283666  0.660021  -0.73626846  -1.03806  0.19808607  1.5183206  7.9587274  -1.3606411  -0.9179541  0.9266111  -0.83104074  1.5209671  0.65745705  0.91935474  -1.1345532  4.3397536  1.2951432  -1.0981085  -1.1983933  -3.2864769  -0.53284824  0.4476329  -2.9478168  0.8985199  0.3439066  -1.4425743  0.67198163  -0.90571386  1.402666
0
2.1428583  3.4358566  3.1677504  2.7940204  8.066187  2.0466335  1.7814072  0.11388267  -1.5649207  -0.28038034  -1.4882197  2.5807767  5.2515836  -1.5481352  1.1586624  0.39829022  0.8265201  1.4935484  1.1286567  1.7532673  2.2979734  3.0484035  -1.8864244  1.9491671  2.1594415  0.9067953  -0.5926127  -3.8117409  2.3337288  -1.6503068  1.7764219  -3.6538901  -0.007499883  2.0175667  -0.23661561  -1.6070367  0.40625936  0.7590885  -0.7902087  -2.0101073  1.0020063  -0.016467527  1.8215538  -0.8624776  -0.31126052  4.5241303  3.3898358  -4.339154  0.9920956  -3.8460011  1.167207  0.5909543  1.1606697  4.574676  0.8451683  2.7775505  -2.1798584  1.6800174  -1.170178  3.5544162  -1.7409768  0.7819339  -0.91082615  -0.14778136  1.3084455  -1.1096822  -2.2588975  0.9432542  -0.8725464  1.3760011  0.5757099  1.4272205  0.15200315  -0.6537432  0.041489806  1.0793213  -2.6341984  5.088095  -4.768418  -1.8631092  -0.22654821  -0.7042407  -0.25908342  -0.20573734  -0.41208056  0.38693476  -0.464317  -0.00018854288  -1.1071496  2.3398664  -1.6788033  2.267305  0.96418405  -1.2392997  1.3799397  0.4832746  0.90268844  0.9534415  0.29035512  0.12732974
0
5.2693295  6.416409  6.6169333  0.2705556  15.1121645  2.2615597  3.5828297  4.7917166  -1.8319098  3.209161  -4.74613  7.339627  7.2796025  -2.7483125  3.8886948  -1.7358655  1.1310053  3.9287333  2.6860867  4.271115  2.9916518  2.8514452  -3.461631  0.40999222  -0.3007161  1.4576757  0.48177764  -1.4474739  3.2167537  1.4671032  4.187304  -0.1642595  2.289428  -1.1714933  -0.6289067  0.71229094  -0.038669534  -1.4568416  -3.2453191  -0.3597158  3.174899  -3.3632677  2.1459332  1.280741  -3.460002  8.50158  4.0789633  -6.204233  3.37614  -0.048640784  8.558767  -6.492729  5.674366  3.4455082  0.8237636  9.773377  -6.1293077  -2.4572947  -0.067577876  -1.0176789  -2.9245274  3.7116094  2.6427574  1.695143  -2.826984  5.036654  -0.12026894  -0.13734783  -0.16934296  -1.921898  1.6471599  0.6991455  1.889642  -1.4380639  -3.8267508  -0.6177397  -1.5482289  12.484534  -4.049434  -4.4947453  -0.088185586  -4.0497484  1.8196528  -0.4704652  1.9165921  -0.141616  -1.6852398  -1.5554839  -0.62939656  2.3513644  -1.1541159  2.6251771  3.677044  0.8362416  2.0721376  -0.1727262  2.2419596  0.8349077  -2.7676878  0.67630595
100 2 1
1
0
-0.01524252  -0.07786893  0.69188887  0.26172206  1.0936902  0.19012679  0.3318749  0.59615594  -0.65073526  0.49652466  -0.50262713  0.96863776  0.5525201  -0.69091564  0.25437036  -0.47153  0.09063428  0.40180042  0.48097363  0.79466444  0.06270078  0.5928916  -0.15281413  -0.017936172  0.14587568  0.28546137  -0.04859467  -0.1368429  -0.1450588  0.056836504  0.25415924  -0.08871055  0.2158231  -0.009798288  -0.3616587  -0.2659494  -0.12533768  0.21128173  -0.19968915  -0.27098256  0.35329568  -0.5042963  0.07067224  -0.22050525  -0.24207039  0.77623194  0.04452396  -0.39885342  0.31865075  -0.29144812  0.2427759  -1.022303  0.47222927  -0.17935096  0.28602526  0.58092964  -0.06700514  -0.087962806  0.394701  0.100962244  -0.28187588  0.2097  -0.010653919  0.3137877  0.072245754  0.24379559  -0.07057435  0.078248836  -0.17000131  -0.100527786  0.57876694  0.3082312  0.20626347  0.28782207  0.12351865  -0.11519226  -0.40609792  0.75944585  -0.70350635  0.016539603  0.047621775  0.06583757  -0.082915746  -0.15742426  0.14110054  0.011230964  -0.0052664955  -0.19016317  0.09670086  0.06787227  -0.23483036  0.112088986  0.06980769  0.07099776  -0.0605398  -0.17341276  0.14041416  0.09311899  -0.021529304  0.116910815
0
-0.373163  -0.6739488  -0.7173146  1.0752474  1.9199643  0.4257447  0.043027997  -0.7198282  0.1432149  -0.052184552  -1.0486968  0.83326006  -0.49209908  0.08327213  0.59212303  -1.5043852  0.61505485  0.5629481  0.708303  0.12858582  0.6528799  0.83204705  -0.7352728  -0.6470587  0.19532633  1.0498015  -0.9924687  1.2234519  0.2452136  0.023032278  -0.14411251  0.31446728  0.37493637  0.04383578  0.14616938  0.119107105  0.3890471  -0.073927075  -0.32909876  1.0861022  -0.071418256  -0.90035427  -0.93848133  -0.20025122  -0.6969855  2.5092273  -0.58477515  -0.0381144  2.4413462  1.7322001  0.030656006  -0.076122195  -0.54782325  -1.4240198  -0.068082675  0.5898206  0.3953881  0.5345359  0.43957996  -0.092937544  0.7575014  -0.44657636  -0.34611744  0.6735178  0.6056234  0.9895129  0.2862488  -0.31128109  0.7662715  0.2987322  -0.57713455  0.18910024  -0.2817072  0.18772069  0.091316134  0.4476247  0.9435262  0.7494448  0.1465139  -0.57561773  -0.46244115  1.0582616  -0.23409128  0.32385036  -0.18325418  -0.5708749  -0.24357319  0.15221669  -0.7838378  -0.52013654  -0.062304378  0.17167911  0.026332706  0.19048628  0.90523416  -0.18531664  -0.23472503  0.4681906  0.39993125  0.016909301
100 3 1
2
0
-3.4180777  -1.0794777  4.455215  2.8478484  7.7469344  2.6199808  0.58731455  4.206727  -1.3505948  2.2349176  -1.3556882  6.9240494  5.96942  -2.5535886  -1.0017867  0.36002958  0.8307711  3.2444396  2.4568594  3.8191774  0.8098606  4.1110277  0.014976428  0.34656975  0.21851832  1.1777215  -0.87246555  -3.3612063  -0.10318717  -0.0655141  2.1019828  -1.0300083  0.389749  0.8472582  -1.1590585  -0.9828637  -1.62758  0.98156184  0.9561455  -1.44867  2.0388455  -0.48826453  1.0190411  -0.068657815  -1.0176209  3.6795914  1.2931296  -2.6893811  0.32911208  -1.9476736  0.18562892  -6.1867547  3.8923426  0.9531874  3.8170574  2.5946312  0.32730284  -2.0276287  -0.3567954  0.19637822  1.2375737  0.9079058  -1.1035199  1.6268393  -0.24631742  -0.19057012  0.25534397  -0.11964014  -0.82582325  0.49345687  0.27857324  -0.0580056  1.1913134  0.7575227  -0.5368088  -1.5753975  -1.8131703  6.5741615  -3.2906578  1.1160085  0.12005383  -1.6311954  0.012776236  -1.8770895  0.8524091  0.24354956  1.0990965  0.6244641  -0.44920546  -0.7276121  -0.56178933  2.2114792  -0.12361657  -1.8046796  -0.28091902  0.28727245  0.51193094  0.29740041  0.067951664  -0.9197712
0
-2.4676893  0.9182968  2.0360692  4.089311  9.782558  3.7367823  2.9066098  2.8587978  -1.6458127  0.49200636  -1.5081639  5.190975  5.8680687  -2.9208302  -2.3595247  1.5212045  1.961514  2.919079  0.7957351  2.7766812  -0.018942542  3.5227714  -0.82967407  -0.42054242  3.910733  -1.3413917  -1.826132  -1.8413925  -0.6544238  -1.5392303  1.0959654  -2.8957663  0.7725468  0.7925942  -1.8197902  -2.0722344  -0.5816442  0.96376264  -0.19553545  -1.0939254  1.5452803  -3.3761668  0.5805441  -1.5531569  -2.2801173  3.8212187  1.1045007  -2.9765716  -0.08129176  -2.4358952  1.5909024  -1.8895056  3.7067611  0.01980793  1.8330564  5.2000055  -0.30451617  -0.5615564  -1.550575  0.601828  -0.34059668  2.4924657  -2.7462785  0.27698618  2.105005  0.22390562  -2.1666555  -0.7031501  -0.7664431  -0.07156521  1.1029457  1.8572565  -0.24253187  -1.5232645  0.8111413  -0.59398377  0.4412421  4.8759017  -3.9426534  1.6288186  -1.2945048  -1.2502601  0.53639096  -0.30636194  -0.052913073  0.8673127  0.66330266  -0.37292483  2.4905381  0.4416693  0.041342232  1.3564726  0.34164292  0.3590971  1.4830261  0.49267054  -1.2602208  3.0837379  3.2653656  -1.1636944
0
-26.571497  -12.055146  -12.147496  -8.12576  32.58235  -1.4839119  21.281738  1.514915  -10.062881  4.983656  -18.540358  24.338764  -8.703856  -11.4404  -6.5678835  -26.428757  25.130299  6.7842126  -0.41250238  2.5380254  0.8179764  20.27642  -22.990515  13.257986  -10.335262  7.5488153  6.683017  1.4919206  6.4233885  -7.084513  -6.994757  18.459875  -2.4025388  1.5239972  -7.1591864  -6.9629936  0.54130745  -12.240047  -3.1223655  22.686045  -8.295096  -24.542824  -25.239603  5.5955043  -4.8564725  8.313407  4.8125176  3.9826233  10.469358  0.9519517  0.09800345  0.8650687  4.5735216  -8.595038  -5.064752  7.6134844  4.828939  -7.368396  -3.5497117  -1.2676029  7.717175  0.8279105  -6.0604706  3.9644945  0.16103661  6.7987328  19.432024  12.695943  13.618092  2.6558833  -6.972919  -3.203314  -3.3300018  -4.236886  11.34727  -1.1168116  13.009891  12.61914  9.298749  -0.788762  8.745722  13.870737  5.311363  -1.1433462  -6.849015  -6.0561447  -1.8629693  1.5553412  -6.3727465  -1.6390494  6.182  5.0728054  -4.132626  -1.3122784  2.9483912  7.684193  6.5585175  -2.2324736  1.0179374  -7.6494102
100 12 1
3
0
-42.632565  -20.553764  -21.77747  -13.369538  49.402504  -2.5272923  34.6205  1.1852022  -15.2119875  7.197867  -28.884657  36.297977  -16.06219  -16.482359  -10.738025  -43.282585  40.10049  9.868747  -1.7204794  3.4235735  1.0871121  31.42657  -36.815643  21.525019  -16.839113  11.455728  11.542154  3.7979856  10.405227  -11.492159  -11.467337  31.223629  -3.7729316  2.3870926  -10.758659  -10.527332  0.7680198  -18.915743  -5.218982  37.39963  -13.80141  -38.914146  -41.25558  9.385164  -6.8079467  11.886018  8.149191  7.4243035  16.149431  1.7833599  -1.0829924  3.197676  5.7701454  -14.318369  -8.69579  10.616103  6.1602473  -12.250906  -5.008859  -2.8644972  12.893032  0.8345647  -8.864499  6.100118  0.20234926  11.648725  31.792078  20.297045  22.442562  4.0658717  -11.712543  -5.3270383  -4.812384  -7.3239317  18.876287  -2.0916138  22.381021  17.212954  17.462545  -3.0953174  14.2931  22.67005  8.402432  -1.201757  -11.081313  -10.511171  -2.1710498  2.7061217  -10.661887  -3.3739345  10.512541  7.841924  -7.1744094  -2.4538136  5.5167813  12.178705  10.464226  -4.2212486  1.7492864  -12.695592
0
-10.804252  -1.7421508  7.7023845  3.564369  12.047693  0.7743504  1.3432949  7.0802283  -4.8679695  3.3924649  -0.6100417  9.191819  6.456146  -6.1865516  -3.4178846  1.3042865  3.3738222  6.4459763  3.5341516  4.500107  -0.073278785  5.9987807  -2.5321944  2.2193964  3.9049122  -0.6598958  -3.1300788  -4.2701645  4.070201  -0.5505735  1.9198711  0.15776357  -0.7454552  -3.0828855  -5.7707396  -2.168098  -0.06966891  0.54464644  -2.6295156  0.57301176  2.4967444  -2.123378  2.0394905  -1.7174165  -4.0241303  5.7723303  0.61267483  -3.6466343  2.888434  -1.3635454  1.4563715  -6.4000483  2.5107517  0.087780565  -0.6251252  6.3604727  -1.3634367  -2.2551627  -0.85101193  -2.0468426  -3.4990003  1.369207  0.20325132  2.1665125  2.2355595  2.2094045  -1.7900312  1.0441492  -4.2926826  -0.19758789  2.284504  -2.171114  0.19469222  -3.042725  -1.3434856  0.03920597  1.2941924  10.395982  -8.10432  0.3669025  0.07814508  -2.6859334  -0.06256043  0.10847996  0.56928164  -0.23429397  0.3560068  -2.0722675  -0.85019743  1.8087331  -2.6197486  2.893232  1.3822569  -3.1377864  0.7177873  -0.22229236  -0.7936007  2.9440558  3.88621  -1.0422866
0
0.50441766  -10.393642  -1.0060014  -1.5643685  5.281495  -5.198265  6.3086147  -0.32030916  -4.495353  7.0747256  -0.59648895  4.09801  1.99406  -0.018193185  4.3254933  0.43673876  -0.23522836  -2.2224088  7.031546  2.8348968  3.4365644  -2.8778188  -4.1161833  3.3430455  -0.24894328  1.9245167  -2.245916  -7.67349  2.6927722  0.17033088  1.9433738  5.1611876  -5.2566986  0.9463756  -1.9633324  -1.8250326  1.0025946  2.350856  -0.43489745  -1.0547124  -0.0014678091  -1.1369202  1.5644194  -3.2396183  -3.665863  9.033472  2.88143  -2.574166  8.437994  -2.1333966  0.62222624  -2.5819604  6.548494  -2.069651  -3.9271636  3.6985085  -2.0704725  -3.638641  1.6685668  -1.9535912  4.8020067  -0.30358258  -1.1074246  -3.6009605  0.63015413  -2.7008097  1.0570244  2.9303343  1.3468046  7.936376  -4.171137  -2.6711936  0.27885842  4.6030264  -3.46937  2.2845273  2.2330174  5.501719  -0.5017655  0.8313878  2.1544209  0.14941557  -0.07716048  -2.9873567  2.3638728  1.4474868  1.5900575  5.775982  0.18162222  -0.20942084  -0.40737906  3.1946263  -0.24214432  -3.939879  3.7496166  -1.1269072  -1.3144712  0.55982476  -2.1705344  1.9777689
0
-5.4757466  3.0701187  3.6839943  4.3011956  8.060362  -0.78497654  -0.30539632  5.9037714  -1.8603514  5.094345  -3.095731  10.151752  7.4411654  -4.7452073  2.9299905  0.61299723  2.5561724  4.9247613  2.62609  5.1391907  3.3210356  3.835053  -2.0795932  0.69763196  3.5257764  0.94319445  -1.7946078  -1.2924782  1.4778185  0.10618803  2.2331312  -2.1489687  0.30358827  -1.4617735  -1.954353  -0.98504835  -4.4235067  0.20683412  0.4279292  -0.92347515  2.1527865  -0.7586257  1.6891273  -1.161716  -0.93574095  3.2080321  -3.5393572  1.501617  3.8639493  -1.9514651  -1.8445327  -5.3578463  5.8873105  3.887331  -1.553411  4.4848194  -0.6903689  -0.711396  2.9461436  -0.3751596  -2.9923892  -0.44010684  1.8419698  0.66815984  0.9980191  1.1131471  -3.6046166  -0.28182065  0.16240676  1.4750085  1.8479437  0.9547804  1.2890278  -1.1492556  1.0997773  -3.4437048  -3.4694269  6.4621754  -5.503766  0.01912402  -0.31056684  -1.6169618  -0.59122884  -2.0565646  -0.10566011  -1.1061343  0.19784534  0.3551309  -0.25002098  3.363499  1.0310184  -0.8854116  -0.85932827  1.1183479  2.459601  0.50248146  -0.8218295  1.1830512  -0.81590855  1.3475025
0
0.3356208  2.200677  0.41521427  3.1110237  6.2064986  1.1875086  -0.6655435  1.4164305  -2.6607227  3.212481  -2.434688  3.9159408  2.167547  -0.0017334397  1.506798  -0.018916834  2.0523047  1.2208837  1.3502508  0.30853605  0.86049294  1.0271263  -0.23622417  0.18446195  0.4533359  0.5465696  -2.2511756  -1.1898386  2.7981806  -0.26388445  -0.7984732  -1.2312433  0.26136014  -2.9148023  -2.4861825  -0.9465454  0.33896777  -1.7236515  1.32687  -1.987108  0.91128135  -0.093661316  1.0139877  -0.6216392  -2.5264595  7.050478  1.1676495  -3.587119  1.4727092  2.9559796  3.2403305  -0.5147459  1.2839072  4.5751524  -1.6900685  4.3580785  0.81896275  5.7639313  1.2614101  1.7883203  0.50247777  -1.0454332  1.2522032  -0.94080573  4.3795347  0.4236102  -2.4945745  -1.633874  0.84627616  0.13820699  -0.4276533  0.64679474  -0.681076  0.279394  -3.463017  -0.96420807  3.4952095  4.711216  -1.8775231  0.48782098  -1.5625435  -1.6610217  -1.4110973  -0.22522019  -2.5517073  0.49170968  1.3469332  0.10667832  -0.73402035  2.3807287  -1.8312323  4.0824146  -0.33227935  1.0204158  1.1173189  1.1163923  -2.1140885  0.34473622  -0.3531627  1.4186482
0
-2.841665  -3.0788052  4.4380846  1.9207443  7.442159  1.8945271  0.7941608  3.238463  -3.5503275  2.8247714  -1.5030679  6.4858  5.486338  -3.6717756  0.26367268  -1.7009931  0.8070517  3.1771646  2.7632113  2.9473825  0.6227519  3.1026244  -1.6147931  -0.09512444  0.3239507  1.3344053  -0.06693137  -1.6664084  0.06743844  -0.4953224  1.8324655  -0.5300768  0.18639475  0.10576108  -2.002259  -0.8558683  0.16714132  -0.20016685  -0.6361446  -1.0954207  1.3479898  -1.2115778  0.06961664  -0.4398563  -0.8613347  3.7345726  0.64074415  -2.507056  1.3014282  -1.1548367  0.7734075  -3.134538  3.0989332  -0.6890391  1.013588  2.9050624  0.05261234  -0.51079834  0.99765337  -0.45653418  0.009346313  0.68195844  -0.4196227  2.1610281  0.08820428  0.8337608  -1.1469903  -0.25453016  -0.35855293  0.15847978  1.5619868  -0.1355857  -0.07506895  1.3389013  -0.17072868  -0.012839781  -2.3970342  4.963916  -3.3122003  -0.19341858  -0.604349  -0.9776556  0.75864595  -0.6675626  0.18434827  0.7764928  0.84887093  -0.48322874  0.5681527  -0.06447572  -0.50074273  -0.37140322  -0.20620677  -0.21013993  0.3471269  0.2730316  0.005782524  1.0285743  0.6400703  0.39630377
0
0.12179619  0.49588138  1.1102757  4.0608563  0.11055005  1.7592872  -3.1714659  -1.6142092  -1.6065593  3.6908007  -2.4825375  3.7772675  4.2204976  -1.6984867  1.5702901  -2.6578298  1.0220311  0.76618963  -0.7118527  0.04524706  2.098012  3.76603  -1.9322854  -0.12650159  1.5827895  3.1424334  -0.059684858  -4.8894944  1.9754622  -0.2569764  0.4644508  -0.56783575  2.2342954  -1.3561637  -1.1491289  -1.9942135  -1.53337  0.6241337  1.1181121  0.40012455  -0.038101003  -0.8249619  2.8445833  -1.794864  -2.490029  5.6166844  2.6401737  -2.3605762  1.5104394  -1.8723937  0.8906087  -1.3792593  5.2807593  -0.15174218  0.13622996  5.7200117  -0.27381364  0.03667994  2.3047369  -1.6853899  1.3485997  2.0919712  1.1745765  0.5231508  0.12968226  -0.05823367  0.032837868  0.5308624  -1.6664418  -0.3107439  0.4658704  1.8123933  0.81720084  -0.58059293  -0.81334305  -2.3534195  0.9646767  5.0149093  -2.1344717  -0.19847122  -0.8543369  1.9844939  0.99346864  0.31841907  -0.47704458  0.90615773  -1.4938169  0.8617942  -3.3384886  3.1381142  1.0069038  4.0079265  0.9499869  1.4710789  1.2835039  -0.8765491  -0.672223  1.0391073  0.70643955  0.30406746
0
4.5816536  3.4064982  -6.4124966  1.6844773  1.7020019  -1.2715421  -14.021229  -2.1042438  -4.8887877  6.6080627  6.1836777  0.077836245  6.8216934  -1.7977787  10.239868  -14.015617  -0.5830159  8.144242  6.5615788  -0.7192605  0.7761877  0.73063076  1.1129948  5.13533  -9.902389  2.5496688  5.6186695  0.047773555  -0.101115584  -2.9035535  -4.32294  -1.1956648  0.7290231  3.1463943  -0.6548812  -8.997285  -0.51223314  5.135712  -4.161925  1.8986841  -2.7704656  -6.859673  0.41361472  5.9626327  -2.3383646  5.247861  4.916874  -0.25471067  7.49818  2.9901526  2.5895917  -4.3071604  4.990905  -1.8382565  2.9668314  4.589286  -3.5669005  -2.7632172  0.6620015  -0.33385623  -0.33387703  -1.0788076  -0.28458986  -5.7207294  4.8510976  -1.9525472  -1.4607092  3.8895159  1.8509717  4.5114217  -8.89474  -1.644596  -3.0002136  -2.0399563  -0.025136575  -0.2655146  7.003692  5.972461  -2.2795637  4.592022  2.7051373  -1.6675596  0.72261983  -1.27695  -1.2945096  1.4641284  0.7165331  2.5516038  -3.0830002  0.10418507  7.595048  7.105217  -2.4113858  -0.5461552  4.7369375  3.868196  -3.5237434  4.112314  -4.143387  -0.05353891
0
-1.5333253  -1.9806774  5.537231  2.301372  6.983976  1.812353  0.5969423  3.9366753  -2.9665794  3.5491235  -0.7225483  6.0012355  5.3977833  -4.9609823  1.5133696  -1.4072392  0.9900141  2.9692533  1.887933  3.6718285  0.028203698  3.5126216  -1.6600044  -0.07824838  0.863226  1.2822851  0.34097478  -1.406954  -0.7717862  -1.0921311  2.3261485  0.13329577  0.8151527  0.15306126  -1.3832625  -0.74758965  -0.6882757  0.33908457  -0.027056897  -0.650325  1.0877275  -1.2337911  0.07333124  -0.5044107  -1.4268247  5.15426  0.8129685  -1.0558597  0.18271413  -0.8136309  1.0291791  -2.13654  2.49207  -0.057135228  0.7352132  1.6795042  0.675421  -0.033532657  0.36010122  -1.2044008  0.51431996  1.1218947  -0.3424043  2.4388018  -0.23536104  -0.0694893  -0.566505  -0.4820473  -0.2950437  -0.5949052  2.1144338  -0.12735274  0.08062725  1.1464149  0.88516015  0.5997348  -2.5799093  5.7565126  -3.615561  0.033073485  -0.9768803  -0.6380836  0.5359365  -1.1053278  -0.5056105  -0.53777605  1.4416668  -0.63507444  0.31764165  -1.5612946  -1.433005  -0.52372026  0.23953652  -0.10655685  0.24166854  0.28538352  -0.971938  0.89640546  -0.016099019  0.5909147
0
-3.0789573  2.130087  4.3989625  2.8555744  8.593696  -1.7650678  2.0410995  2.1414492  -1.4313707  2.677643  -1.0075958  5.694865  4.3522425  -2.909093  -0.8358768  -1.4488847  -1.3352548  2.2280042  1.1941199  2.7864277  1.6251762  1.7288798  -0.16752478  -0.12596704  2.4440463  -0.69868636  0.6817098  -3.395665  -0.1526547  -2.8767743  2.852541  -2.318458  0.64758116  -1.6205132  -2.453859  0.89402795  -0.18089142  1.7042737  0.91550416  -0.39046952  1.0662285  1.1915815  -0.30351707  1.5675592  -1.987733  2.7664762  1.6649704  -1.8549246  2.456293  -0.69565165  -0.9607235  -3.1794047  2.554793  1.8089302  2.9984722  2.1165872  -4.0770593  -1.6093851  1.5706092  1.4180064  -3.2752585  1.1478581  -1.5703477  0.06981591  -0.43502513  0.7663487  -0.26385388  2.3729568  -0.5808582  0.24494338  -0.47683784  1.6134623  1.1311278  -0.9410101  -0.71327084  -1.9556984  -1.5086608  4.156717  -3.504643  2.9282415  0.3514788  -0.7012218  0.20729536  -2.292766  0.39733118  1.0410544  2.7554967  1.5305918  -2.7900374  0.8244692  1.1572328  0.11019077  -1.7324198  1.0516559  -0.93285775  2.5375555  1.2393837  1.4411974  1.3843864  0.6187025
0
-6.2382703  3.6811213  2.1574702  3.4166906  7.057024  -0.79578876  -0.7706863  5.571887  -0.8541885  4.39296  -3.5518115  9.277674  6.831104  -3.9281952  2.5211618  1.2153008  2.3710139  4.225428  2.3735108  4.011196  2.862721  3.4535153  -1.7475951  0.50093144  3.0679624  0.81530815  -1.7747176  -1.1430742  1.382088  -0.2400081  1.6112586  -2.0269692  0.6090797  -0.8746503  -1.7027196  -1.0498486  -4.7564993  -0.09555208  0.59122103  -0.65976304  2.3578641  -0.6264176  1.8463668  -1.0413376  -0.5990363  2.113475  -4.004335  1.4900919  4.1183558  -1.843279  -1.9624627  -5.647051  6.2706404  3.7367349  -1.5433342  3.7399192  -0.13062158  -0.25626796  2.9808784  0.37424988  -2.714479  -0.40691817  1.597685  0.48480207  1.0941209  1.5201612  -3.4060042  -0.056556  -0.119702116  0.47432405  1.381159  0.91374636  1.4523181  -0.4286385  0.8162393  -4.8984375  -3.804509  5.630526  -5.4282975  0.21386996  -0.23612194  -1.4434599  -0.5330005  -1.2444552  0.46462733  -0.9769558  -0.31065923  0.5141494  -0.34999412  3.3587806  1.5425386  -0.3909311  -0.42573178  1.3115504  2.3255274  0.6304931  -0.9894932  1.0023848  -0.81177396  1.1493498
0
2.5514896  -0.5835189  -7.037391  0.4466317  0.54597396  8.413391  -2.292785  -1.4498781  -6.482813  9.004811  1.6907611  1.6613587  3.0260105  -4.728486  1.7620251  -6.16044  -1.1846727  0.4961924  0.55317235  4.4604297  5.289161  -9.940613  1.698211  3.805397  -5.0224137  1.8876283  -0.56432253  7.9917645  -1.1698914  0.3635278  -0.88417995  -3.4949617  -3.0291963  1.2214764  0.43452954  -2.1631305  2.7786856  2.0080914  -6.263148  5.670043  2.7849953  -1.5754956  2.2202075  0.9129548  -0.10025617  10.9063635  0.8736973  0.07666351  4.753923  -0.42066935  1.709141  -2.7223542  5.923257  2.2976418  -4.8201723  2.3943036  0.45728806  3.108567  1.07824  -4.383898  0.61758393  -2.7264853  -0.5627396  -0.9233733  1.3578395  -0.17553964  5.548868  -3.7871656  1.1935997  -1.6527332  -2.3447993  1.4787875  -0.08270319  1.8430285  1.4594034  0.7065834  2.7733529  6.42598  -0.13300519  3.8083227  -4.0492654  1.5615245  1.0117098  1.150977  1.9211308  0.1304904  -7.636641  1.3902783  0.4494109  -0.8350813  4.8738403  1.4644697  1.302708  0.8255453  10.383309  3.0013554  -2.3309898  7.7187643  -0.021557199  -0.2162309
100 2 1
1
0
-0.5278117  0.33551  0.63884485  0.05685829  0.9837223  0.19750713  0.10991856  0.7995001  -0.71398103  0.08080238  -0.43757138  0.89654535  1.1441637  -0.38100407  0.13886361  -0.3081376  0.15501323  0.3786909  0.42590663  0.34077504  -0.13417317  0.46129334  -0.18726525  -0.05677389  0.20351478  0.20040661  0.07465974  -0.02725974  -0.16179402  -0.06530509  0.36690015  -0.33543107  0.1268412  -0.13537702  -0.19529262  -0.19226192  -0.112485  0.18449935  0.08099724  -0.105098784  0.22572277  -0.15030894  0.07011787  0.00865616  -0.28566954  0.5272769  0.09115772  -0.29740208  0.18625587  -0.22441648  0.2735432  -0.17938437  0.17186286  -0.16652404  -0.17562617  0.70860976  0.45979974  -0.075657874  0.2719954  0.32432413  0.055422507  0.3750408  -0.18307327  0.18191597  0.057796687  0.084658846  -0.14884043  -0.06036028  -0.22316547  0.03341962  0.17522404  0.05589925  -0.020145005  -0.07400184  -0.037187338  0.15860973  -0.07394985  1.2060788  -0.709492  0.128493  -0.07373487  -0.031399276  0.3296823  -0.35133535  0.14314044  0.17153454  -0.07044449  -0.08394276  0.061167773  0.20520003  -0.20580718  0.08515254  0.13573734  -0.14602353  0.18620244  0.10663942  0.06734348  0.13565479  0.08151726  -0.10538236
0
-1.8159542  -1.6666899  -0.91236234  1.1073043  3.39019  0.36806417  1.2396948  -0.52923286  0.031724215  0.04326535  -1.4809206  1.8817577  -1.0403322  -0.12940148  0.5279848  -2.644329  1.914588  0.58650696  0.37498483  0.24118309  0.9552452  1.7300192  -1.899214  -0.19836372  -0.19033965  1.5466512  -0.83708656  1.5155537  0.88415885  -0.22138858  -0.51101315  1.0669596  0.2256732  0.037153143  -0.028820187  -0.060251877  0.3327365  -0.55206645  -0.51266927  2.2720017  -0.41747147  -2.2711327  -2.2400067  0.16396303  -0.9469327  3.2434013  -0.42052412  0.32031012  3.053917  2.0091126  -0.046960693  0.1213726  -0.6356891  -1.8654656  -0.38212955  1.0514419  0.74655175  0.23688063  0.26708737  -0.04665935  1.184448  -0.3397961  -0.6018849  1.1364475  0.35403478  1.4576436  1.439987  0.27902  1.4122072  0.30350906  -0.7260231  0.038689394  -0.58030266  0.104433626  0.767367  0.49050432  1.590842  1.3427721  0.49680296  -0.6678014  -0.09798148  1.701771  -0.109483875  0.43385854  -0.2793696  -0.7600255  -0.4265621  0.14471185  -0.9249381  -0.7251768  0.21906888  0.19287935  -0.004584655  0.22419661  1.1140875  0.27339995  -0.07451818  0.3532673  0.69820213  -0.47179633
100 2 1
4
0
-38.620113  -18.362974  -19.284975  -11.661397  45.22146  -2.6509185  31.103773  1.5418428  -14.030139  6.6698375  -26.488928  33.03139  -13.436609  -15.026802  -10.132386  -39.466072  36.082336  9.18594  -1.210142  3.4597516  1.260782  28.69231  -33.436684  19.590578  -15.187399  10.091617  10.599792  2.723104  9.119402  -10.4940815  -10.292213  28.131283  -3.4506037  2.1417894  -9.75704  -9.690829  0.26105285  -16.94096  -4.7387366  33.63752  -12.079679  -34.905563  -36.96669  8.127867  -6.535935  11.088542  7.614567  6.029071  14.222532  0.64056146  -1.1024314  2.6084526  5.3314652  -12.782378  -7.6087813  9.734803  5.49258  -11.047654  -4.4804115  -2.4701216  11.659416  0.98704034  -7.4723063  5.210215  0.47013393  10.61436  28.978949  18.152407  20.30954  3.8222642  -10.282193  -4.3544145  -4.6130853  -6.4014664  16.602327  -1.0482357  19.701485  16.466482  15.245233  -2.6376097  12.987272  20.611055  8.03192  -1.2080758  -9.541391  -9.452568  -2.3585138  2.457761  -9.840429  -3.3141196  9.150517  6.9935274  -6.53128  -2.3345385  5.0051017  11.155609  9.577309  -3.7820125  1.4540398  -11.230795
0
3.6706648  -9.355501  -13.427845  3.1160545  5.237977  -7.0732822  11.121585  8.292567  -12.320395  20.28294  -1.8845037  -4.279387  -3.742935  10.470434  11.531409  -24.542568  -0.7975555  18.065075  18.56281  -8.39765  7.2753177  -9.613618  4.385384  14.949432  4.0286765  4.556413  -5.8630776  -16.92071  6.9168286  13.484263  0.7610431  9.951494  -16.690445  0.4073553  -8.126589  0.08889011  6.693239  5.4037986  9.530609  -4.190274  -5.6769214  -3.119134  13.326774  -7.3154807  -6.688251  18.81054  5.8039045  -6.7226367  10.681862  0.15722147  3.555897  1.6568333  3.477073  0.34431425  -2.0124376  4.8954306  -8.533936  -6.621438  0.6571377  -0.12280283  4.2018332  -6.4448066  -0.42814192  -5.6161585  4.169806  -1.611115  13.013351  0.31619683  -0.51455665  10.979716  -3.912156  -5.0807223  -0.6062558  -4.6721697  1.7415754  5.819977  12.446593  8.608156  0.22056144  1.9712802  -2.8156881  -5.9429917  -1.2087444  2.3443499  -9.808792  9.26067  -1.1898438  7.400338  -2.111306  3.9783916  5.004688  10.54513  4.3640814  -7.220496  5.4561553  -1.3749007  -8.747167  4.3923545  3.993566  3.884511
100 1 1
5
0
-2.3614469  -4.154336  -0.95551604  0.62167406  5.6482444  -2.7642596  1.3685222  0.093737416  -0.82933563  3.2296789  0.010600742  2.9835358  1.5092185  -3.4590235  -0.85026616  -1.5719659  -1.2745636  0.6213007  -0.57513463  -0.94907176  -0.5781481  -0.24796933  -1.7304368  1.1371789  -3.485937  2.386024  2.939329  -2.7594066  1.9924777  1.1317064  -0.11138497  1.7610964  3.3459625  2.0382164  0.6725946  0.17259006  -0.066846564  0.6367973  -0.65263057  1.5555252  0.2118125  0.29504743  -1.2793108  -1.2786047  -0.8933276  3.6278925  1.6816305  -2.1024501  1.5531429  0.83691484  0.83480436  -1.7867085  1.6821368  -1.1778898  0.23527727  2.118818  0.20621158  -1.7061073  0.6801888  -1.8735048  1.3435036  1.0039111  -0.24862702  0.85587275  -0.4826062  -0.8940964  0.5667293  -0.48591408  0.53637034  -0.5348252  -0.1158272  -0.0078007774  -0.50148124  0.5307924  0.29048106  -0.13593048  1.2759166  3.2347457  0.16201158  -0.081707194  0.2676953  0.10128618  -0.12745632  -1.0018524  -0.0024158172  -0.13104862  0.61540323  1.1046301  -0.57608867  -0.6750192  -1.2949588  0.16161653  0.0696204  -1.1589223  1.4614333  -0.8059332  1.0126528  -0.048732746  0.033263717  0.8987454
100 2 1
6
0
0.9760047  -0.75911665  4.651891  1.808601  6.079736  -1.8106483  1.986738  4.4378123  -2.4038906  4.574161  -1.3903021  6.4866366  4.722204  -4.3569603  2.6231098  -2.4902053  -1.9543864  4.249729  1.680715  3.2096078  2.0755622  3.8471494  -1.3696239  -0.79210645  1.9243932  0.4168756  0.36338913  -0.44790137  1.809986  0.49766085  1.5155642  -1.8751011  1.3808328  0.6719624  -1.236589  0.22750752  -0.34128195  -0.06788543  -0.57598233  -0.5038125  -1.0145373  -0.31769443  1.2985477  -0.921808  -1.0052799  4.7246466  0.74464226  -1.9168195  0.24761091  -1.3868188  0.077342235  -5.511398  2.9366627  0.9435347  2.0590973  2.6038363  2.1734536  -3.5654585  -0.052578166  -0.7313088  -0.3049901  0.49772978  1.2745445  2.4547691  0.7570484  0.39480504  -1.3877152  -0.5702537  -0.41433388  -0.5021315  2.9971893  -0.14392784  1.5030291  3.945576  0.6816933  1.9077605  -0.9564059  6.333247  -3.9293458  0.49081874  -0.81546587  0.46158674  -0.51694816  -1.8436353  1.0698056  -0.5422379  3.6214724  -0.6673802  3.959806  -1.2054602  -2.1457417  3.4175768  -1.1670756  -0.47727042  -0.6195957  -1.2239  0.6372765  0.85016507  1.836412  0.48985216
0
-32.95636  -75.63179  -3.0296624  -20.238184  63.358665  34.868786  -29.74051  -77.64519  -21.100046  28.446144  -33.3315  28.64512  -4.4185424  -25.39328  25.978292  32.993073  14.942174  -3.762561  20.814898  -11.126241  8.07524  34.644558  39.035454  -18.776068  9.663838  -29.456861  -32.895622  23.389803  -54.257957  65.11411  15.817548  21.735899  -15.183331  9.475479  10.961559  -21.149067  15.38999  34.104145  -18.610588  7.4874744  1.1649957  -13.475515  -31.087456  21.42691  40.24022  -15.070064  31.936121  -19.247374  59.961678  30.698927  21.20112  32.40162  -3.0619366  -45.86345  -33.97179  -3.4550185  14.458662  -19.552494  7.695245  -34.945713  44.2267  -1.957962  0.7738694  -20.195595  8.001652  23.017107  10.015993  -2.5350335  -47.132904  -22.882513  4.800101  34.429165  -28.827665  16.938799  -2.432092  8.051488  33.807957  11.522039  -7.5864196  -4.220246  -19.697777  26.187883  19.765345  23.705736  25.134262  -19.379297  -6.609474  17.295162  -25.180683  24.372421  29.108824  3.4121344  21.907824  6.957306  -7.821176  11.654982  -3.3605883  43.623356  -21.750765  2.876856
100 3 1
7
0
-14.704536  -16.90593  -12.3895855  -5.3978868  13.016897  -16.762466  3.6368856  -21.765842  -16.953512  18.15116  0.1857211  11.035318  3.7435193  -7.9783683  -9.669346  1.5265125  -17.883778  8.875847  -7.8184104  -4.031409  -14.130663  -11.053362  -8.237977  15.723715  -9.034821  21.508204  17.749186  -19.325363  8.648613  9.88157  -10.460017  20.829147  16.563116  5.939182  -6.339892  8.849257  2.6938627  8.524383  -7.4122176  -8.2484455  -6.648355  13.8684225  -10.933145  0.45943677  -3.2939596  8.262652  3.9745145  -2.4193687  8.732408  0.7268881  2.7428386  -4.829517  5.5425553  -11.65847  -3.4215207  7.069421  3.8640325  -13.3284235  2.8729656  -9.48928  4.3336143  3.0210958  -3.2933357  2.375501  -2.1350858  -15.898728  -13.029241  6.071949  -7.4920564  -1.184759  -4.9485846  -1.1020482  -5.2448735  3.2090278  3.8145547  -0.22056109  9.994489  12.120174  -3.4448173  0.21137808  2.4190197  4.8017607  -1.1188165  6.07741  -13.002093  1.5000497  7.143327  4.5096107  -2.439805  -2.0596218  -6.841515  4.755897  4.170363  -12.3955145  0.10925373  -11.327709  -22.926603  -3.0504434  -8.102921  -8.744999
0
-37.817627  -17.924816  -18.786474  -11.319776  44.38523  -2.6756442  30.40043  1.613171  -13.793767  6.5642304  -26.009787  32.37808  -12.911493  -14.735693  -10.011257  -38.702778  35.278706  9.0493765  -1.1080737  3.4669867  1.2955154  28.145458  -32.760887  19.203688  -14.857058  9.818799  10.411318  2.5081277  8.862235  -10.294466  -10.057196  27.512814  -3.3861384  2.092729  -9.556715  -9.523531  0.15965918  -16.546003  -4.6426864  32.885098  -11.735328  -34.10385  -36.10892  7.876408  -6.4815326  10.929051  7.507642  5.750027  13.8371525  0.4120005  -1.1063191  2.4906058  5.2437286  -12.4751835  -7.3913813  9.558543  5.3590465  -10.807005  -4.374722  -2.3912466  11.412693  1.0175349  -7.1938677  5.0322356  0.5236915  10.407487  28.416323  17.723475  19.88293  3.7735436  -9.996123  -4.1598897  -4.5732255  -6.2169733  16.147535  -0.8395579  19.165575  16.317184  14.80177  -2.5460668  12.726107  20.19927  7.957818  -1.2093394  -9.233407  -9.240849  -2.3960068  2.408089  -9.676139  -3.3021572  8.878113  6.8238463  -6.402654  -2.310683  4.9027658  10.9509945  9.399924  -3.6941652  1.3949902  -10.937837
0
3.5650005  -10.526304  -14.944927  3.6009045  5.8571887  -7.7233315  12.24664  9.488062  -12.706504  22.21632  -1.8203322  -3.6809075  -3.9048471  11.395245  11.76697  -26.545574  -0.9551102  19.55826  19.825813  -9.334617  8.130144  -11.211787  5.0133624  16.33239  4.679926  6.087327  -6.4335384  -18.024117  6.878782  14.757894  0.5227395  11.199712  -18.325487  0.6627381  -8.396724  -0.25625214  7.091292  5.8342853  11.046322  -5.3767467  -6.174547  -3.387051  14.1744  -8.638548  -7.0949607  20.28099  6.735547  -7.3888836  11.495769  0.33457726  4.2850175  2.0123944  3.5302665  0.33146533  -2.0278215  5.433782  -9.377482  -6.674272  0.61835945  0.31223595  4.467225  -6.769706  -0.34216627  -5.371711  4.1608515  -1.4566964  14.428855  0.1339012  -1.2100571  12.798211  -5.037055  -5.581981  -0.31227157  -5.3246207  1.7329365  6.2883196  13.344795  9.211793  0.12438195  1.4187537  -2.9519873  -6.4634686  -1.4511805  2.2281408  -9.92714  10.957757  -1.0345271  7.7694416  -2.5919752  4.6404467  5.4484367  11.60968  4.808512  -7.6757646  5.858899  -1.1182815  -8.930244  4.4125934  4.4714932  3.507604
100 2 1
6
0
-20.745161  -47.712143  -1.7819834  -12.585135  39.91622  21.91606  -18.82996  -49.006546  -13.273491  17.970219  -20.778273  18.119324  -2.8522491  -16.027653  16.404251  20.918337  9.443141  -2.2546778  13.083552  -6.9997096  5.12918  21.830254  24.445967  -11.920284  6.085616  -18.499514  -20.795664  14.776865  -34.02636  40.94384  9.9476795  13.655758  -9.574916  6.0115523  6.930068  -13.324454  9.643276  21.529509  -11.804806  4.6715884  0.65353453  -8.446802  -19.541988  13.4544  25.325333  -9.409413  20.218994  -12.2106695  37.7992  19.258678  13.309574  20.439457  -1.9579866  -29.029205  -21.466244  -2.0882022  9.088392  -12.305098  4.961512  -21.98048  27.91747  -1.2032001  0.49231964  -12.75824  4.9992805  14.617114  6.3192954  -1.6103715  -29.70184  -14.460554  3.041453  21.74718  -18.227627  10.711607  -1.494669  5.103368  21.328133  7.3291426  -4.8010983  -2.642238  -12.408214  16.490767  12.306354  14.9570265  15.901843  -12.124654  -4.1511455  10.968706  -16.004707  15.362629  18.357018  2.130291  13.812296  4.333611  -4.879041  7.3908486  -2.0985196  27.396156  -13.642025  1.8133619
0
-2.7163563  0.04200189  1.7128162  0.70896614  5.772152  1.7452928  -0.35423884  1.1832652  -1.7317877  2.109956  -1.3266866  5.141677  4.987749  -2.8078969  0.79848045  -1.5694495  0.06722203  1.4719822  1.9239674  1.3572874  1.6193581  3.8345635  -0.9659335  -0.04606715  0.19911095  0.70296156  -0.40609843  -0.8723719  2.3052928  -1.270026  1.4554191  -1.3531101  0.9591652  -0.37966767  -1.4232681  -0.9815056  0.20561647  -0.794242  -0.43136796  -2.3640022  0.7339944  -1.0606679  0.036552876  0.74124867  -0.43163374  1.8073081  0.5577671  -0.909339  -0.584726  -1.3987223  -0.64823174  -1.2352386  1.1884174  0.9844408  1.4681184  1.2138529  0.39128828  -0.5251976  1.0305192  -1.4311395  -0.7421656  0.037390936  0.25955597  1.9286114  -0.56118417  -0.55922264  -0.033317745  -0.043280423  -0.91180044  0.17746854  2.241789  -0.25360247  0.18767151  1.4724622  -0.71373963  -1.3059037  0.38496256  1.9697225  -1.168248  2.161053  -0.00521259  -0.23968703  0.5486273  0.44430304  0.57581186  -0.18714535  1.7389843  0.5084359  0.23363388  1.9737859  -1.7814853  2.3186178  -2.1002226  0.16788498  -0.13056843  -0.032566935  0.03148122  1.9406111  -0.61726016  -0.47703433
