10 9 100
100 23 1
0
0
-92.49721  -55.680252  58.681995  7.158864  92.35888  14.301615  63.907806  28.568855  -13.681987  49.29945  -5.633178  58.65087  -2.4761589  -10.260556  12.243179  -18.201128  22.033127  8.750017  -11.263598  16.953976  -26.420706  -12.768641  -47.566452  68.806046  8.491511  24.359053  24.757261  10.169465  -19.881004  24.054047  15.592158  57.92566  15.051682  15.524138  -36.91088  -37.779392  0.66935  -6.700156  31.791527  2.6318333  -22.227327  -15.008472  -33.721283  17.07278  -1.4167931  -7.5644374  20.229818  6.3699045  11.379441  2.2661974  2.9719727  3.8657217  -20.72203  -43.883373  -22.925402  1.7641989  14.497826  -14.797962  -9.280079  -14.996898  1.2701008  -10.36208  -19.625536  -11.510234  -20.973059  12.052958  -8.979865  7.471084  -28.880884  -23.09043  20.561197  24.5358  -33.18972  28.52407  -9.204362  -15.984316  41.45986  -13.854797  7.0100517  -15.503749  13.839494  27.88036  2.5298464  -0.40480733  -2.4523873  -28.832357  -5.5005465  1.1361482  -24.054012  4.258227  -7.5729094  5.137093  -11.932963  -15.745667  44.092796  -4.3488207  29.667345  -13.425384  -8.868815  36.039375
0
-92.45261  -55.712837  58.915443  7.2016544  92.18863  14.086264  64.248375  28.584795  -13.730906  49.35051  -5.561645  58.683678  -2.5093913  -9.966391  12.226013  -18.433231  22.479345  8.572178  -11.253471  16.754353  -26.820118  -12.782461  -47.43967  69.47971  8.556346  23.787737  24.999659  10.196237  -19.922895  23.837414  15.561703  57.605442  15.283731  16.022284  -37.131756  -38.02033  0.46717477  -6.869763  31.804007  2.5815616  -22.616947  -14.947904  -33.938347  16.8734  -1.484223  -7.5546255  20.228157  6.517879  11.179933  2.2166648  3.1408887  3.9148846  -20.87028  -43.871998  -22.760284  1.7797271  14.59298  -14.849861  -9.43476  -15.023547  0.94908375  -10.545314  -19.789383  -11.329569  -21.210604  11.85947  -8.886185  6.934625  -28.957293  -23.460197  20.10926  24.108534  -33.38764  28.572016  -9.44451  -16.220737  41.570766  -13.960748  6.8240275  -15.537525  13.974263  27.755962  2.3427894  -0.51352614  -2.1866322  -28.519611  -5.640686  0.94034064  -24.113214  4.305936  -7.701449  5.0815  -11.998758  -15.899195  44.34674  -4.2367697  29.587683  -13.69888  -9.1480055  36.22399
0
-92.58641  -55.61508  58.2151  7.073283  92.69938  14.732317  63.226677  28.536976  -13.584149  49.19733  -5.7762446  58.58526  -2.409694  -10.84889  12.277514  -17.736921  21.14069  9.105698  -11.283853  17.353222  -25.621881  -12.741005  -47.820004  67.45872  8.361842  25.501684  24.272467  10.115922  -19.79722  24.487312  15.6530695  58.566093  14.5875845  14.52785  -36.469135  -37.29752  1.0736994  -6.360943  31.766567  2.7323768  -21.448088  -15.12961  -33.28716  17.47154  -1.2819333  -7.584061  20.23314  6.073957  11.778459  2.3652627  2.6341422  3.767396  -20.425531  -43.906124  -23.255642  1.7331425  14.307516  -14.694164  -8.970715  -14.943599  1.9121351  -9.995611  -19.29784  -11.871564  -20.497967  12.439938  -9.167226  8.544003  -28.728067  -22.350887  21.46507  25.39034  -32.793884  28.42818  -8.724064  -15.511473  41.23805  -13.642897  7.3821  -15.436196  13.569955  28.12915  2.9039602  -0.18736929  -2.9838965  -29.45785  -5.220266  1.5277634  -23.935608  4.1628094  -7.31583  5.248279  -11.8013735  -15.438613  43.584908  -4.572921  29.82667  -12.87839  -8.310434  35.67014
0
-6.4506564  -0.37986133  0.455538  -1.5642135  5.3110437  -0.057519548  -0.24922615  3.195495  -3.821055  2.899421  -0.8237197  3.8773944  3.9072134  -2.8982356  0.82723266  -1.0380323  -0.9180704  -0.35985667  0.95841116  1.095354  -1.2631493  3.441163  -0.76695925  -1.6234822  1.0535822  1.2562888  -0.4571445  -0.8330782  -0.97461706  -1.7906991  -0.2908331  -1.1144007  1.0631357  -0.36823827  -0.31916103  0.30431214  -0.8713421  -0.751778  1.1828972  -1.5456947  1.4710228  -0.93024284  0.08952637  1.5324359  -1.5924267  -0.43404457  -2.5549383  -2.146149  2.2823389  0.31786498  -1.9499124  -3.1312258  4.8668766  -1.1625928  -0.6322626  3.3225255  -1.0721835  -1.4910702  1.5235944  0.72234374  -0.67596006  1.2932932  -1.9835769  -0.48682314  3.1367378  -0.26971582  -0.18382007  -0.32381824  -0.8683194  -0.36122742  1.2527317  0.69808203  -0.22043197  2.956243  -1.5332516  -0.8078337  -1.8547766  5.7326193  -1.5062233  1.4487051  -1.5072443  2.5233934  0.93728536  -0.6037554  1.0264372  1.5067534  -0.4431159  3.1058097  -0.13559014  0.9051305  -0.95544326  -1.4978678  -0.2184325  3.1492336  0.6597636  0.39723027  0.06779266  -0.8884376  0.88159615  0.5102076
0
-92.58641  -55.61508  58.2151  7.073283  92.69938  14.732317  63.226677  28.536976  -13.584149  49.19733  -5.7762446  58.58526  -2.409694  -10.848891  12.277514  -17.736921  21.14069  9.105697  -11.283853  17.353222  -25.621881  -12.741005  -47.820004  67.45872  8.361842  25.501684  24.272467  10.115922  -19.79722  24.487312  15.6530695  58.566093  14.5875845  14.52785  -36.46914  -37.29752  1.0736995  -6.360943  31.766567  2.7323768  -21.448088  -15.12961  -33.28716  17.47154  -1.2819333  -7.584061  20.23314  6.073957  11.778459  2.3652627  2.6341426  3.767396  -20.425531  -43.90612  -23.255642  1.7331425  14.307516  -14.694164  -8.970715  -14.943599  1.9121351  -9.995611  -19.297838  -11.871564  -20.497965  12.439938  -9.167226  8.5440035  -28.728067  -22.350887  21.46507  25.39034  -32.793884  28.42818  -8.724063  -15.511473  41.23805  -13.642897  7.3821  -15.436196  13.569955  28.12915  2.9039602  -0.18736923  -2.9838965  -29.45785  -5.220265  1.5277634  -23.935608  4.1628094  -7.31583  5.248279  -11.8013735  -15.438613  43.584904  -4.5729218  29.82667  -12.87839  -8.310434  35.67014
0
-92.67561  -55.54991  57.748203  6.9877024  93.03987  15.163019  62.545547  28.505096  -13.486312  49.09521  -5.919311  58.519646  -2.3432293  -11.437224  12.311849  -17.272715  20.248253  9.461376  -11.304107  17.752468  -24.823057  -12.7133665  -48.07356  66.11139  8.232173  26.644316  23.787672  10.062379  -19.713438  24.920578  15.713981  59.206528  14.1234865  13.531562  -36.027393  -36.81565  1.478049  -6.0217295  31.741608  2.8329203  -20.668846  -15.250748  -32.85303  17.8703  -1.1470735  -7.603685  20.236464  5.7780085  12.177477  2.464328  2.296313  3.6690702  -20.129034  -43.928867  -23.585884  1.7020861  14.117207  -14.590366  -8.66135  -14.8903  2.5541694  -9.629143  -18.970142  -12.232895  -20.022875  12.826916  -9.354587  9.616923  -28.57525  -21.611343  22.368944  26.244879  -32.398045  28.33229  -8.243765  -15.03863  41.01624  -13.430996  7.7541485  -15.368644  13.300416  28.377947  3.2780743  0.030068487  -3.5154068  -30.083342  -4.939985  1.9193785  -23.817204  4.067392  -7.058751  5.359465  -11.669785  -15.131558  43.07701  -4.7970223  29.985994  -12.331397  -7.752052  35.300903
0
-92.89862  -55.386986  56.580963  6.7737503  93.89112  16.239777  60.842724  28.425398  -13.241718  48.839912  -6.276977  58.355614  -2.1770673  -12.908053  12.397684  -16.112198  18.01716  10.350577  -11.354742  18.75059  -22.825996  -12.644274  -48.707447  62.74306  7.9080014  29.500895  22.575686  9.928521  -19.503979  26.003742  15.866259  60.807613  12.963242  11.040841  -34.923035  -35.610973  2.488922  -5.173696  31.679209  3.084279  -18.720743  -15.553592  -31.767717  18.867197  -0.809924  -7.6527443  20.24477  5.0381393  13.17502  2.7119913  1.4517366  3.423256  -19.387789  -43.985744  -24.41148  1.6244451  13.641433  -14.330872  -7.887941  -14.757052  4.159257  -8.712972  -18.150904  -13.136221  -18.835146  13.794362  -9.8229885  12.299212  -28.193209  -19.762487  24.628628  28.381224  -31.408453  28.092566  -7.04302  -13.856522  40.461708  -12.901244  8.684274  -15.199762  12.626569  28.999928  4.2133594  0.57366276  -4.844187  -31.647072  -4.239282  2.898416  -23.521193  3.828849  -6.4160533  5.63743  -11.34081  -14.363922  41.807285  -5.3572726  30.384306  -10.963914  -6.356092  34.37781
0
-92.49721  -55.680252  58.681995  7.158864  92.35888  14.301615  63.907806  28.568855  -13.681987  49.29945  -5.633178  58.65087  -2.4761589  -10.260556  12.243179  -18.201128  22.033127  8.750017  -11.263598  16.953976  -26.420706  -12.768641  -47.566452  68.806046  8.491511  24.359053  24.757261  10.169465  -19.881004  24.054047  15.592158  57.92566  15.051682  15.524138  -36.91088  -37.779392  0.66935  -6.700156  31.791527  2.6318333  -22.227327  -15.008472  -33.721283  17.07278  -1.4167931  -7.5644374  20.229818  6.3699045  11.379441  2.2661974  2.9719727  3.8657217  -20.72203  -43.883373  -22.925402  1.7641989  14.497826  -14.797962  -9.280079  -14.996898  1.2701008  -10.36208  -19.625536  -11.510234  -20.973059  12.052958  -8.979865  7.471084  -28.880884  -23.09043  20.561197  24.5358  -33.18972  28.52407  -9.204362  -15.984316  41.45986  -13.854797  7.0100517  -15.503749  13.839494  27.88036  2.5298464  -0.40480733  -2.4523873  -28.832357  -5.5005465  1.1361482  -24.054012  4.258227  -7.5729094  5.137093  -11.932963  -15.745667  44.092796  -4.3488207  29.667345  -13.425384  -8.868815  36.039375
0
-92.408005  -55.745422  59.14889  7.244445  92.01838  13.870913  64.588936  28.600735  -13.779824  49.40157  -5.490112  58.71648  -2.5426238  -9.672223  12.208845  -18.665335  22.925564  8.394338  -11.243344  16.554728  -27.21953  -12.796279  -47.312897  70.15337  8.621181  23.216421  25.242056  10.223008  -19.964788  23.62078  15.531247  57.285225  15.51578  16.52043  -37.352627  -38.261265  0.26500064  -7.0393696  31.816486  2.5312898  -23.006567  -14.887335  -34.155407  16.67402  -1.5516529  -7.5448136  20.226496  6.6658525  10.980424  2.1671321  3.3098037  3.9640474  -21.018528  -43.860622  -22.595163  1.7952553  14.688135  -14.90176  -9.589442  -15.050197  0.6280666  -10.728548  -19.953232  -11.148904  -21.448149  11.665979  -8.792504  6.398168  -29.0337  -23.82997  19.657324  23.681263  -33.58556  28.61996  -9.684659  -16.457159  41.681675  -14.066698  6.6380033  -15.571301  14.109033  27.631567  2.1557324  -0.6222445  -1.920878  -28.206865  -5.7808266  0.7445331  -24.172417  4.353645  -7.8299885  5.025907  -12.064553  -16.052721  44.600685  -4.124719  29.50802  -13.972377  -9.4271965  36.40861
0
-92.45261  -55.712837  58.915443  7.2016544  92.18863  14.086264  64.248375  28.584795  -13.730906  49.35051  -5.561645  58.683678  -2.5093913  -9.966391  12.226012  -18.433231  22.479345  8.572178  -11.253471  16.75435  -26.820118  -12.78246  -47.439674  69.47971  8.556346  23.787737  24.999659  10.196237  -19.922895  23.837414  15.561703  57.605442  15.283731  16.022284  -37.131756  -38.02033  0.46717492  -6.869763  31.804007  2.5815616  -22.616947  -14.947904  -33.938347  16.8734  -1.484223  -7.5546255  20.228157  6.5178785  11.179933  2.2166648  3.1408882  3.9148846  -20.87028  -43.871998  -22.760284  1.7797271  14.59298  -14.849861  -9.43476  -15.023547  0.94908375  -10.545314  -19.789383  -11.329569  -21.210604  11.859468  -8.886185  6.934626  -28.957293  -23.4602  20.10926  24.108532  -33.38764  28.572016  -9.44451  -16.220737  41.570766  -13.960748  6.8240275  -15.537525  13.974263  27.755964  2.3427894  -0.51352614  -2.1866324  -28.519611  -5.640686  0.94034064  -24.113214  4.305936  -7.701449  5.0815  -11.998758  -15.899195  44.34674  -4.2367697  29.587683  -13.69888  -9.1480055  36.22399
0
-92.408005  -55.745422  59.14889  7.244445  92.01838  13.870913  64.588936  28.600735  -13.779824  49.40157  -5.490112  58.71648  -2.5426238  -9.672223  12.208845  -18.665335  22.925564  8.394338  -11.243344  16.554728  -27.21953  -12.796279  -47.312897  70.15337  8.621181  23.216421  25.242056  10.223008  -19.964788  23.62078  15.531247  57.285225  15.51578  16.52043  -37.352627  -38.261265  0.26500064  -7.0393696  31.816486  2.5312898  -23.006567  -14.887335  -34.155407  16.67402  -1.5516529  -7.5448136  20.226496  6.6658525  10.980424  2.1671321  3.3098037  3.9640474  -21.018528  -43.860622  -22.595163  1.7952553  14.688135  -14.90176  -9.589442  -15.050197  0.6280666  -10.728548  -19.953232  -11.148904  -21.448149  11.665979  -8.792504  6.398168  -29.0337  -23.82997  19.657324  23.681263  -33.58556  28.61996  -9.684659  -16.457159  41.681675  -14.066698  6.6380033  -15.571301  14.109033  27.631567  2.1557324  -0.6222445  -1.920878  -28.206865  -5.7808266  0.7445331  -24.172417  4.353645  -7.8299885  5.025907  -12.064553  -16.052721  44.600685  -4.124719  29.50802  -13.972377  -9.4271965  36.40861
0
-92.408005  -55.745422  59.14889  7.244445  92.01838  13.870913  64.588936  28.600735  -13.779824  49.40157  -5.490112  58.71648  -2.5426238  -9.672223  12.208845  -18.665335  22.925564  8.394338  -11.243344  16.554728  -27.21953  -12.796279  -47.312897  70.15337  8.621181  23.216421  25.242056  10.223008  -19.964788  23.62078  15.531247  57.285225  15.51578  16.52043  -37.352627  -38.261265  0.26500064  -7.0393696  31.816486  2.5312898  -23.006567  -14.887335  -34.155407  16.67402  -1.5516529  -7.5448136  20.226496  6.6658525  10.980424  2.1671321  3.3098037  3.9640474  -21.018528  -43.860622  -22.595163  1.7952553  14.688135  -14.90176  -9.589442  -15.050197  0.6280666  -10.728548  -19.953232  -11.148904  -21.448149  11.665979  -8.792504  6.398168  -29.0337  -23.82997  19.657324  23.681263  -33.58556  28.61996  -9.684659  -16.457159  41.681675  -14.066698  6.6380033  -15.571301  14.109033  27.631567  2.1557324  -0.6222445  -1.920878  -28.206865  -5.7808266  0.7445331  -24.172417  4.353645  -7.8299885  5.025907  -12.064553  -16.052721  44.600685  -4.124719  29.50802  -13.972377  -9.4271965  36.40861
0
-2.086035  -1.0278273  3.9866946  1.9268811  6.075791  1.6820364  0.70431757  2.412177  -2.0904405  2.2691505  -1.675426  4.7375894  4.9406776  -3.2697413  0.8018963  -0.9425713  -0.04719259  2.810234  2.7144966  2.4122512  0.51758754  3.4599125  -0.63109875  -0.055678654  1.1252745  0.80227995  -0.39531353  -1.7349067  -0.08637498  -0.08071064  1.727817  -1.6317273  0.7234222  0.4849802  -1.1377275  -0.33306992  -0.3710111  0.20651436  -0.5872321  -0.6559369  0.86520565  -1.0337682  0.3172815  -0.285389  -1.4450191  2.9565542  0.69364953  -2.1209335  1.2361404  -0.8381446  1.0649601  -2.6875892  2.2611985  0.66145  0.4986044  2.6852036  0.3448379  -0.6040587  0.19856392  0.3352077  -0.74138856  0.89908385  -0.7305957  1.4501643  0.08446492  0.29296654  -0.56537634  0.7064878  -1.1745746  0.1686753  1.5296179  0.6804753  0.9625369  0.8067645  -0.2056872  -0.014226208  -1.4198326  4.913549  -3.525738  1.1573744  0.12419484  -0.19668487  0.8833007  -1.1680856  0.16897096  0.56647193  1.1774219  0.07785351  0.32169294  0.6930826  -0.09246155  0.6814451  -0.047297295  -0.2904653  0.012738922  0.4289503  0.077576675  1.1122302  0.097703025  0.8468633
0
-3.3137841  -0.677151  3.8363404  1.551924  7.2768817  0.2736134  0.07133652  2.5028503  -1.2741841  1.8938409  -0.38065827  5.208872  4.3979373  -2.3846202  -0.011722242  -0.78876144  0.8047816  2.7636464  2.005255  2.522784  0.9013837  1.8652418  -0.9392649  -0.02258146  0.7785428  -1.2772359  -0.057771165  -1.7837883  -0.13211338  -0.99125075  2.046214  -0.659711  0.7220423  -0.6088439  -0.9765234  -0.74156934  -0.4770038  1.1819305  -0.5496746  -0.8791371  -0.18621881  0.29984742  0.24191183  -0.25763685  -0.815294  2.8710737  0.9314294  -1.500195  0.507125  -0.51832  1.1741219  -1.5235794  2.7340927  1.1442096  0.57136035  2.7508612  -0.09714427  0.36465558  0.4774186  0.3240359  0.10007469  -1.081079  -0.99932426  0.568771  -0.11130947  1.2880499  -0.60652775  0.70641816  -1.7255573  0.27678433  1.3223066  0.119624026  -0.21135104  0.3721707  0.006886992  -0.25224614  -0.35862005  3.0850105  -2.5197115  0.25810415  0.042756476  -0.99896526  -0.44724095  -1.5386646  0.3362104  -0.2927815  -0.5303818  0.10731513  0.28900263  0.7260549  -0.35095155  1.4326167  -0.5162536  -0.07881982  0.77413553  0.18037175  -0.39133546  0.5615024  0.37724152  -0.27947348
0
-0.61486876  1.3996487  3.423598  3.9642227  9.431718  0.14601812  0.6803736  4.043147  -2.6145236  2.630132  0.07609638  7.036807  5.619558  -2.575284  0.79411584  -0.23928668  -0.09652474  3.548105  3.5348585  3.6197124  1.1355457  2.1304867  -0.91395926  -0.60116583  1.5120149  1.2740685  -0.09875236  -2.104489  1.4458344  -0.049533762  1.9639957  -0.9863663  -0.108602844  1.4902319  -1.4364914  -1.5512162  0.8143204  0.8875061  -0.43395966  0.43880054  -0.41825435  -0.03553648  -1.0079443  -0.80040914  -2.4671817  4.459939  1.2272776  -4.411172  1.2769012  -1.1446677  2.659513  -4.7068133  2.966471  2.580896  1.5395163  5.750209  0.5808285  -2.0893266  -0.5511005  -0.59446454  -1.1288121  1.8965656  -0.47057515  0.45313582  0.18912765  0.74713755  0.1612948  0.74059325  -3.690537  0.9477889  0.70546395  1.4188442  0.19700448  -0.44814718  -1.3380698  1.2661153  -0.8926083  7.048354  -4.482858  0.85835195  0.06301209  -1.5802046  0.23407315  -2.4391184  -0.36485672  0.698273  -0.5822943  1.1315907  -0.40964034  1.78572  -0.3232335  2.2183456  -0.08160733  -1.4806749  1.1215092  1.4666961  -1.1056936  1.4383231  1.4419031  0.08888229
0
-18.500946  -9.632169  -7.0481663  -4.4806743  25.639566  -1.1843019  15.387834  2.77213  -7.8544593  4.938701  -12.558153  19.205297  -3.7487147  -9.097754  -4.16503  -20.339134  16.886131  6.2236333  0.7226538  3.5537484  0.4045964  15.212134  -16.752842  8.871938  -7.165743  5.660302  4.9044895  0.4397993  5.1694937  -4.605675  -3.5161524  13.018204  -1.0062048  1.4803845  -5.443962  -4.722641  0.58273983  -8.125822  -2.5957527  15.628791  -5.673605  -16.683987  -17.393196  4.489146  -4.174778  6.6689863  4.147353  1.6860986  7.7955685  0.07996905  0.7554252  -1.6186739  4.096594  -5.4147797  -2.9793897  7.0237484  3.2733293  -7.003805  -2.4465117  -1.3564903  5.5724726  1.5121052  -3.9409828  2.916527  -0.29057565  5.4498105  13.761079  9.163693  8.42043  2.1829891  -3.9403377  -2.0237448  -1.5817736  -2.7238307  7.311068  -0.20350417  8.5975685  12.005134  5.18639  -1.4155834  6.6567354  9.427744  3.7028093  -1.3891037  -4.6475363  -4.3617578  -0.26060015  1.7000805  -4.394476  -1.8726962  3.786769  3.634769  -2.7399979  -2.1534736  2.7092974  5.47375  3.8813465  -1.3103487  1.4457061  -4.9593325
0
-62.04913  -83.36816  18.356508  -18.564352  76.11339  35.44718  17.718294  -21.975273  4.019828  26.341572  -4.0074105  68.92242  17.957752  -53.734962  -19.888805  7.2209826  2.961238  12.120526  -28.267681  29.272985  -12.982279  -23.290573  -34.57048  12.263615  -20.71407  53.76475  14.236634  11.06167  -2.3811603  41.657394  -27.21311  42.36057  13.685798  14.065553  -23.487041  9.153589  10.5603895  6.4375873  -4.41344  63.481598  -4.888679  -30.303814  -16.666601  36.15516  6.06707  -12.538337  13.671876  -14.611245  21.115477  20.834663  -11.173255  6.2903075  2.7297192  -45.592915  -15.136431  -11.225954  14.941694  6.8646793  -3.381036  -3.3801303  18.275827  -12.49311  -13.074712  -14.354516  6.3847427  19.292435  27.485043  -12.358863  -18.834515  0.09528343  52.868946  15.282129  -27.343746  10.199701  -3.8168685  -3.5942013  42.37163  -9.919319  12.7869835  7.0718756  -9.840776  8.390627  35.260525  11.200593  0.49023923  -7.066011  0.83242047  7.278766  -13.304974  -0.83386296  22.251316  15.604993  -14.615557  0.10043509  10.520648  6.8016996  4.259825  0.35413805  -5.8176  -7.0933814
0
-5.78969  -2.6730368  1.4654601  0.41556883  9.582711  0.6384599  3.5055335  2.6949532  -2.764926  2.3296943  -4.2048373  7.190335  2.5422413  -4.083014  -0.15047023  -4.6256056  3.9722989  3.3360758  1.8931422  2.4292164  0.41125885  5.442786  -3.6630564  2.1334734  -0.1476695  1.8024275  1.1191559  -1.2255952  0.8664928  -0.72927415  0.28275925  1.1353239  0.4889344  1.1569769  -1.8309  -1.085862  -0.4297034  -1.3472294  -0.89914197  2.4919813  -0.40402555  -4.442349  -3.5282552  1.0287557  -2.0432208  3.5221512  1.213116  -1.036469  2.1772428  -0.046395294  0.94586  -2.4533021  2.576258  -0.47404695  -0.5827841  3.3979805  1.0341743  -1.8085918  -0.20734459  -0.48573688  0.4099245  1.1497675  -1.503891  1.0038177  0.7532984  1.2093648  2.0566473  2.3800054  1.1725491  0.6098957  0.03267844  0.16791408  0.23227683  0.10578958  1.5639573  0.21459228  0.7098908  5.704611  -1.2003952  1.296602  1.4826978  1.8822776  1.7006781  -1.0064348  -0.7890001  -0.4223548  0.95627785  0.11551333  -0.282621  0.17474458  1.0474408  1.5033544  -0.7808305  -0.5236492  0.76819235  1.778857  0.9126463  0.34921795  0.45646864  -0.3365587
0
-19.378063  -9.571818  -7.1819305  -4.81329  24.925644  0.35867834  15.211151  1.244078  -7.534567  3.8799317  -13.085458  18.311356  -4.2420077  -9.162049  -4.31651  -18.910713  17.401377  5.8632045  0.35948384  2.6970952  1.0063998  15.599363  -15.82526  9.321143  -6.2633753  4.6245465  5.248925  0.7693108  4.835388  -5.3242636  -4.0117464  12.522028  -1.1698264  1.2746056  -5.167347  -4.8143835  -0.26685396  -7.817737  -2.0914052  15.5375395  -5.9252195  -17.113708  -17.891268  3.9022095  -3.5450854  6.5493045  4.997005  1.8129026  6.992878  0.34117493  0.032437965  -0.34800914  4.340293  -5.8142986  -2.985351  6.1321864  2.77917  -5.6464562  -2.3118541  -0.44456396  5.652232  0.29455593  -4.3459053  3.6787345  -0.2732887  5.052586  12.805968  9.090285  9.018614  2.2969685  -4.488124  -1.9181902  -1.9580249  -2.8965104  8.500887  -1.5783935  9.007703  10.200864  5.6978593  -1.0281423  6.0930223  9.42287  3.6546023  -1.3874753  -4.8725977  -4.41501  -0.5546848  0.9519757  -4.110487  -1.4510454  4.544897  4.2314997  -3.5461845  -0.8905464  2.072255  5.16513  4.4097304  -1.1814673  0.98943853  -5.305398
0
-70.38733  -57.948673  3.526087  -8.301976  63.15819  2.805708  26.081888  -15.846234  -10.532265  28.96409  -19.496136  48.35222  4.381054  -31.008194  -21.152096  -18.439104  14.701111  12.701258  -15.564453  8.440061  -10.531477  -2.0050657  -39.027306  30.687134  -18.01383  36.87492  14.558826  -5.412977  16.736082  19.082363  -13.309502  40.99537  8.532031  10.920374  -19.061472  -7.4515896  5.8270397  5.673037  -0.54589045  47.476376  -9.239542  -22.522676  -30.493332  16.785666  -0.84609437  0.7822356  12.605955  0.66428983  20.801033  12.23867  -7.3829  7.50146  1.6592026  -26.871979  -15.205513  1.5324476  9.182706  -8.892212  0.7599397  -8.512609  19.528656  -6.0824065  -7.7996554  -5.3810253  3.4138668  18.445871  21.565987  7.643057  4.346606  -3.059662  10.701168  5.7465076  -12.006597  0.9893103  8.704815  0.36827385  35.706577  2.1558807  16.739948  -0.064041704  3.2157764  12.244471  13.672398  -2.1855373  -11.279675  -10.933674  -1.3412666  6.7298517  -15.034458  -7.6280665  12.709393  10.15208  -7.7928133  -2.89031  16.325901  9.430953  3.7490962  -1.8373052  -1.6340648  -6.4376984
0
-92.408005  -55.745422  59.14889  7.244445  92.01838  13.870913  64.588936  28.600735  -13.779824  49.40157  -5.490112  58.71648  -2.5426238  -9.672223  12.208845  -18.665335  22.925564  8.394338  -11.243344  16.554728  -27.21953  -12.796279  -47.312897  70.15337  8.621181  23.216421  25.242056  10.223008  -19.964788  23.62078  15.531247  57.285225  15.51578  16.52043  -37.352627  -38.261265  0.26500064  -7.0393696  31.816486  2.5312898  -23.006567  -14.887335  -34.155407  16.67402  -1.5516529  -7.5448136  20.226496  6.6658525  10.980424  2.1671321  3.3098037  3.9640474  -21.018528  -43.860622  -22.595163  1.7952553  14.688135  -14.90176  -9.589442  -15.050197  0.6280666  -10.728548  -19.953232  -11.148904  -21.448149  11.665979  -8.792504  6.398168  -29.0337  -23.82997  19.657324  23.681263  -33.58556  28.61996  -9.684659  -16.457159  41.681675  -14.066698  6.6380033  -15.571301  14.109033  27.631567  2.1557324  -0.6222445  -1.920878  -28.206865  -5.7808266  0.7445331  -24.172417  4.353645  -7.8299885  5.025907  -12.064553  -16.052721  44.600685  -4.124719  29.50802  -13.972377  -9.4271965  36.40861
0
-92.408005  -55.745422  59.14889  7.244445  92.01838  13.870913  64.588936  28.600735  -13.779824  49.40157  -5.490112  58.71648  -2.5426238  -9.672223  12.208845  -18.665335  22.925564  8.394338  -11.243344  16.554728  -27.21953  -12.796279  -47.312897  70.15337  8.621181  23.216421  25.242056  10.223008  -19.964788  23.62078  15.531247  57.285225  15.51578  16.52043  -37.352627  -38.261265  0.26500064  -7.0393696  31.816486  2.5312898  -23.006567  -14.887335  -34.155407  16.67402  -1.5516529  -7.5448136  20.226496  6.6658525  10.980424  2.1671321  3.3098037  3.9640474  -21.018528  -43.860622  -22.595163  1.7952553  14.688135  -14.90176  -9.589442  -15.050197  0.6280666  -10.728548  -19.953232  -11.148904  -21.448149  11.665979  -8.792504  6.398168  -29.0337  -23.82997  19.657324  23.681263  -33.58556  28.61996  -9.684659  -16.457159  41.681675  -14.066698  6.6380033  -15.571301  14.109033  27.631567  2.1557324  -0.6222445  -1.920878  -28.206865  -5.7808266  0.7445331  -24.172417  4.353645  -7.8299885  5.025907  -12.064553  -16.052721  44.600685  -4.124719  29.50802  -13.972377  -9.4271965  36.40861
0
-0.020678714  7.426491  8.786712  -7.6506014  0.27092662  7.0596685  -6.9826593  10.914038  7.4930096  -9.833918  5.773102  -18.85967  3.136237  15.985014  2.856334  -3.2699177  -0.11453704  8.079289  -6.787921  -7.0576696  -8.59393  -8.036793  -6.209266  -9.268801  4.742984  -7.664777  14.194014  2.0677114  -2.6830652  2.2652886  -16.088676  1.703551  4.416179  15.351965  -7.192027  -0.94363815  1.6522205  -4.6610785  4.3984675  9.292183  -7.5513716  11.972429  3.093439  -2.376652  11.022274  -13.833333  -6.746484  15.085226  -11.485735  -4.655198  4.6233487  17.52633  4.94606  3.659838  2.7787364  7.711173  -6.768765  -1.8684037  -9.022721  16.660759  3.252818  4.7894664  -1.7495991  -4.8255014  6.4865255  9.366925  -1.8110783  4.9518294  -5.3819356  0.40357703  -9.283927  5.2426343  2.0712767  4.063485  -7.075071  0.14142995  7.9453974  -1.0026977  6.3906307  -5.3813124  -0.3570507  1.2469577  -0.96546555  -10.431255  -2.3933434  3.5970683  1.8811013  -2.5637715  6.3942285  2.0746577  -5.26732  -1.6459464  -6.9360704  2.4728317  -8.396241  -0.026356813  4.1614795  1.9839885  -0.51114917  -4.7662783
100 1 1
1
0
-1.4413984  -1.6719636  -0.7355803  0.43815467  3.1915627  -1.5141656  0.4187159  -1.1245456  -0.24994507  2.2110865  -0.45679718  1.4404476  0.52038705  -3.0055926  -1.7165061  -1.156295  0.26399955  0.5727841  -1.1740957  -1.8712049  -0.5773134  -0.18719189  -0.6182531  0.92294586  -1.7073311  1.6416  2.2012198  -2.295683  1.7042646  0.69463587  -0.1715878  1.6019487  1.9236631  1.7080554  -0.34301984  0.4447088  0.21245672  0.22913784  -0.60067374  0.48009792  0.49925965  0.3392583  -0.67892694  -0.8784499  -0.52717525  1.2011882  0.63953036  -1.025692  0.89464164  0.76013637  0.2222167  -1.0805247  1.0268711  -1.4042428  0.18579324  0.82315344  0.35718474  -1.1129808  0.42851955  -0.8827674  0.734503  0.72309995  -0.49724793  0.55135787  -0.45945483  -0.7081685  0.45417994  0.5460563  0.47494128  -0.21875533  -0.14213312  -0.4982295  -0.01666518  0.60181683  -0.037298672  0.6372958  0.33729932  2.2748117  0.23026703  0.18059598  0.7313234  -0.21670017  0.7525469  0.20928594  -0.6013292  -0.72235775  0.9356223  1.0041716  -0.19990222  -0.879931  -0.70875734  -0.58278006  -0.5552602  -0.85438657  0.3256212  -0.3526035  -0.7750051  -0.09941478  -0.7461424  0.026208036
100 2 1
2
0
-4.0347047  -11.656105  -5.7145066  -4.3284163  7.4497356  -10.042949  4.842731  -10.231369  -9.043412  11.800354  -0.5184918  5.002445  1.4041091  -5.340415  -1.5690513  0.9560622  -7.132166  3.271019  -1.3190438  -0.13818039  -4.2806673  -4.2609773  -2.9142625  6.4118867  -3.6076663  9.407323  9.829159  -11.220498  5.8956423  7.7512674  -0.01312609  13.978438  7.021927  2.7523391  -5.783996  5.005441  -0.12005949  3.4458864  -3.0739782  -4.98746  -2.7644746  12.491  -4.928388  0.5003924  -4.440496  6.7901073  4.5383296  -1.397185  6.9052386  -0.020096626  1.4309611  -2.0508103  3.3921046  -7.0064416  0.5851381  6.418008  2.1179004  -5.0737576  -0.016540237  -4.6411495  3.7009284  3.5464768  -1.6728967  1.1499665  0.39397085  -5.8346543  -5.6928353  2.9646733  -1.2257221  -0.81415427  -3.4724197  -0.81849587  -0.93404174  1.9859511  0.070673816  -0.9380349  6.133135  9.255267  -0.8155296  0.22993925  0.6930742  0.4877605  -2.0659244  -0.28308988  -6.2901397  0.6819968  5.158492  3.2668436  -2.3941813  -1.6802558  -2.9151864  2.398963  1.3287868  -6.7346034  1.9370544  -3.0968091  -10.3869505  -0.4340141  -2.1539102  -3.9773803
0
-2.9505281  -7.5776567  -4.1054015  2.0843575  0.8705098  5.4073396  -4.873505  -10.45165  0.52117217  13.3852825  10.579009  2.9463432  -3.2057753  -0.17772317  1.3917603  -0.9272181  -4.79823  -1.712931  -1.4232948  -3.5002112  1.156619  -3.85346  0.3248021  3.3896806  6.588378  8.3293085  1.369043  1.7200166  6.283417  -5.2568274  1.6139163  3.3433585  0.17289117  -3.3643348  0.12345641  -6.844594  2.6370146  2.9613185  1.9667082  0.5566121  1.2681502  -0.9693616  1.3484519  -7.025267  -3.832421  3.4782922  5.5996523  -6.5746293  -0.24867812  -5.0247216  -1.0162656  -6.014442  -0.92314184  -3.0405283  -0.50031877  7.555822  3.4700744  4.671937  -2.723037  -2.9028661  4.452617  0.33303687  -2.5827193  -1.2472167  2.885572  1.6321759  -0.33481175  -2.7685122  1.9192476  -0.6803463  3.4301672  0.08956557  -2.785091  -0.25448158  -3.2563174  5.3253  2.871273  5.795651  -2.0133133  2.6372192  -8.363942  5.9230337  -7.068999  -3.5595407  -3.4733796  -3.4063034  -2.0127249  -2.425749  -3.43028  -3.1215875  -1.0301069  4.7484155  0.8545793  -2.0387888  1.9785537  -2.1049068  -0.42131808  -2.5710711  -0.91785526  -1.9934698
100 4 1
3
0
-16.96691  -16.399765  16.602383  3.4369693  19.987373  5.017055  8.528226  -10.208171  -4.271507  8.000757  -5.578284  17.249195  2.618515  -9.020827  -3.4644954  -1.9248898  4.886537  7.786908  1.785325  -1.2494596  -8.427729  -5.6383524  -10.950378  4.361798  -14.50398  8.134271  1.8700399  1.3521996  0.82058144  14.315264  -5.537878  15.157889  1.74089  4.1376743  -11.000311  2.387683  2.776456  -2.5595841  -0.99286675  10.547911  -2.6275373  -4.7746696  -6.9934754  6.541237  5.521277  -1.5195221  9.0861  -0.8606552  12.5454035  7.023946  -6.370143  -5.2223234  4.0735354  -11.38572  -3.5706768  5.938473  3.7050655  -1.0610483  5.969255  -2.4847136  7.4076586  -1.3963163  1.084493  -8.686086  0.5407906  3.0749567  11.52388  2.7249  -4.514619  -0.79388434  3.780755  -3.2903824  -4.008889  0.8367339  -3.9115295  -3.1133652  9.2197895  -3.2132144  10.053532  -0.71641463  -2.805313  6.708489  1.3495057  -2.450939  0.9020748  -4.6326337  -0.7213917  -2.7053833  -2.0080886  -4.652039  -1.5666403  8.196679  0.31397814  1.8946517  10.168095  -2.99097  3.6348596  2.5505574  -0.89746773  1.3301612
0
0.66288304  -3.7946575  -0.90628743  0.19126922  -1.0245184  0.573486  -1.342823  2.3807135  -2.0746555  3.4728997  -0.88849866  -2.062525  1.9853027  -2.855485  -1.0171009  4.7056146  -0.44678771  0.4372026  0.14232081  -0.4135636  0.4665627  1.0939615  -0.6816307  3.2592587  -0.92433906  0.6461844  -0.60127807  -2.226516  -4.05168  -0.74178624  -0.3985429  -1.71347  -0.09247883  -0.42327744  0.3756697  -0.6941823  -1.4744791  1.8993747  -0.5724363  0.71045935  -0.47946748  -0.18146266  0.5965232  -3.0364664  -1.4466426  3.083152  3.1793435  -2.287716  0.8363087  -0.48644945  0.38492733  -0.39904463  2.3814547  -2.9400897  -1.5660864  3.1091988  -0.71904504  -1.5466514  -0.19878611  -1.357557  1.9742867  0.32481384  0.01701231  0.6903232  -0.42429167  2.5834243  0.70421904  4.1911545  1.0214835  0.11624192  3.509075  1.9301888  -0.31053704  -0.9753962  -1.0031253  0.09671506  3.2038085  1.2782644  0.3298181  0.22266415  2.426232  1.9345717  -1.750816  0.080197744  0.0688501  -1.4439414  -0.45698535  1.7606893  -1.6049672  1.886005  -0.6449194  2.9251547  1.1541544  0.14986406  0.89589965  -1.4831281  -0.3807959  -2.5626771  -0.6530105  1.9231919
0
4.510871  -6.0931497  -5.6003413  -0.5497368  2.1362853  -0.3873993  6.1460204  -3.566794  -1.1266747  2.074034  -2.6356473  -4.1798644  6.160084  1.4538473  6.7087855  3.0835376  3.8664305  -10.017948  3.4492986  1.0564445  7.2161703  -3.8565207  -0.5168849  4.314111  -4.965721  1.0811871  3.2154946  -0.7191712  1.9312372  2.3576918  1.5437042  4.9247637  1.1560965  -1.1314532  -0.45929116  -6.072283  -4.3766665  0.66595316  -1.0306556  -3.2270544  -2.5897622  -0.2658903  3.2208548  5.0332656  -0.9301133  4.054198  3.5767465  -2.1015167  7.9190445  0.26173955  3.2616334  -3.8160641  0.27993026  0.9395314  -2.2264678  1.4145427  1.4591134  0.16379529  1.2023422  -2.7127907  -0.041271023  -0.77047545  -0.7928612  -3.3715212  -1.1280582  0.9802391  5.1869392  -0.10452633  1.349629  0.8803793  -0.28533992  -0.015017258  -4.650988  4.1349235  -2.6683743  0.59344536  1.8877912  1.7756746  -0.25642246  1.6279293  -0.17360675  1.8463789  -3.543938  0.6159777  6.235852  -1.4424491  -1.0761651  0.04295655  -4.4756207  -2.482107  -2.1031842  4.0418944  0.20416877  1.0934515  3.1381009  1.1623833  -1.7915798  -3.3628352  1.9477801  3.194964
0
-0.036974397  -0.1988158  1.2097853  1.3527656  2.7128363  0.38457575  -0.18250664  2.4521081  -1.2743164  1.2513629  -1.2426373  3.990972  0.66969544  -1.6745467  0.7874602  0.065895915  0.28807235  0.7264155  0.76378953  1.7985888  0.7097685  1.5510811  -0.37534443  0.35347396  1.876437  -0.23453677  -0.6585889  -0.37428424  0.81582433  0.34045163  0.89655495  -0.4547593  0.041173175  0.7026043  0.25697678  -0.21645719  -0.04479838  0.20603491  0.18623751  -0.7364576  0.10445683  -1.1132723  0.284772  0.27484253  -0.9239088  2.913761  0.90499055  -2.108465  0.61340344  0.48606917  1.066685  -2.7414284  1.5380319  1.5050943  -0.10371785  2.9466534  0.62431157  0.100717455  -0.44481206  0.4978397  -1.389556  0.6968119  1.2440978  0.56813955  0.062932655  0.077786855  -0.5224695  0.32537624  -0.6452373  0.043450072  0.31516808  1.0782931  -0.17109974  0.8945743  -0.044165462  -1.7471446  -1.0136812  1.6204785  -1.6171242  0.7929284  0.31770083  0.21197216  0.1788342  0.21414375  0.43457294  -0.07173624  0.7762299  -0.63496876  0.3630147  -0.2319277  -0.05127394  1.8159361  0.55664563  -0.101508915  0.566501  0.42810947  -0.09101722  0.5742824  -0.30401862  0.88998914
100 5 1
3
0
1.9389405  -10.033284  -2.168899  0.3771887  -2.8207653  1.2265474  -3.7250228  6.2787313  -5.4570065  8.939547  -2.028739  -5.5705605  5.045604  -7.2964606  -2.6759086  12.186894  -1.106962  1.0298085  0.25669232  -1.1570406  1.022686  2.7850387  -1.7553635  8.4979515  -2.457913  1.7582794  -1.7432829  -5.5896025  -10.712007  -1.7689977  -1.1856381  -4.462814  0.36318892  -1.190107  0.75323844  -1.7815984  -3.737008  4.9706573  -1.8567067  1.8762205  -1.4546857  -0.34421447  1.4639262  -8.012333  -3.6749814  7.782486  8.212811  -5.6484146  2.18246  -1.1305885  0.88488823  -0.93153167  6.150246  -7.427712  -4.0521336  8.069062  -1.8270851  -4.0513964  -0.4663031  -3.5020776  5.1402445  0.7097083  -0.011237832  1.8574933  -1.0642675  6.858715  1.8242942  11.076671  3.1834254  0.29207206  9.376387  5.0321946  -0.90082324  -2.594819  -2.476666  0.3881436  8.226604  3.105172  0.8883062  0.5615274  6.2848153  5.297525  -4.7712035  0.18653286  0.330131  -3.8606317  -1.1993469  4.618318  -4.2663174  4.731049  -1.6541573  7.5647497  3.0238402  0.41107374  2.3249862  -3.864478  -1.0479645  -6.8436275  -1.6547828  5.100681
0
1.5177768  4.1278176  2.2230062  2.8475738  4.4509225  0.3171492  -0.8381931  3.9994671  -4.000711  2.684053  -0.2681019  4.7754035  -0.23973845  -3.2248387  2.2251368  -3.2729774  -2.1194725  1.8958994  2.7158875  -2.3421085  1.3563175  2.8637676  -0.9673631  -0.43041003  -1.1984062  1.6882935  1.9963001  -3.1017852  1.6432054  -1.3527422  2.146384  1.397488  0.14828196  1.346416  -0.74454  -0.48637003  0.76885164  -0.11693864  0.7412204  -2.807475  0.18385723  -1.5677956  -1.098562  1.1466917  1.0421499  5.893312  2.4171154  -3.7027662  0.5757357  1.5428394  -1.6656411  -2.3815756  4.650355  1.4722791  2.4335268  1.9864726  3.3956747  -0.38743448  0.44084314  -1.6270374  1.7472838  -0.57746464  7.135269  3.8760157  -0.80560476  1.4522232  -1.6783695  0.17018935  -2.898515  1.1277297  0.15932162  1.9718893  0.18189192  0.20098837  -1.1229362  0.51271385  -1.9907398  4.2018213  -1.2216054  -0.27566597  0.6690209  0.23137252  -0.7990446  1.8912866  1.0157897  -1.5332943  0.7445777  0.59496045  1.4545985  1.8195558  -5.3601365  -0.32141772  0.17793292  -0.11352446  0.032972377  -3.1146035  -0.06765516  0.3452236  -2.0175889  3.2849965
0
-39.864815  -20.226877  -10.791902  -9.24145  44.839493  -0.6218144  31.432165  3.4511182  -12.497062  9.772566  -21.868746  32.144978  -12.114861  -13.067451  -6.8473506  -33.70897  31.737665  8.058367  -2.2850566  4.0233693  -1.645292  22.103989  -31.50174  22.242323  -11.685036  10.566716  10.812983  3.7305803  5.9030304  -6.3783307  -7.0880084  28.261131  -1.3955541  3.2532883  -11.323146  -11.233739  0.592185  -14.631191  -0.9985615  27.90353  -12.283638  -30.136347  -33.603123  8.445678  -5.1775312  8.116619  7.8507886  6.09391  12.938818  1.5147282  -0.503532  2.7230456  2.378238  -14.543049  -8.468449  8.017486  5.8805146  -10.40683  -4.569606  -3.474243  9.597377  -0.34799165  -8.355522  3.5106807  -1.7805965  9.669991  22.734816  15.595651  13.994439  0.86404955  -6.89812  -1.8106954  -6.5838637  -2.8439112  13.09684  -3.0289395  20.313307  11.471588  13.519709  -3.6919503  11.846708  19.262686  6.4118133  -0.94530153  -8.373052  -10.316883  -2.1268513  2.0695379  -10.065315  -2.1048841  7.0745797  6.255357  -6.394876  -3.2605672  8.096485  8.641015  10.399251  -4.381238  0.44602373  -6.1179614
0
-42.621277  -41.82578  43.07807  9.024561  50.47727  13.070387  21.396269  -26.250118  -10.726053  20.37897  -13.843448  43.602005  6.972013  -22.838198  -8.603892  -4.090414  11.764967  19.81669  4.689337  -3.160699  -21.669725  -15.0339155  -27.44808  10.715811  -36.904804  20.686237  4.556557  3.3998544  1.8800969  37.058617  -13.992583  38.26291  4.504071  10.553303  -28.211481  6.302056  7.1404076  -6.217156  -2.4312232  26.467705  -6.397381  -11.657615  -17.228296  16.756224  14.423355  -4.1403894  23.246542  -2.351269  32.03062  18.041725  -16.314455  -13.558629  10.366248  -29.03551  -8.946547  15.197135  9.421904  -2.5162914  15.459566  -6.2824636  18.81641  -3.6671693  2.959311  -22.504137  1.3988793  7.7428646  29.147234  6.724396  -12.045653  -2.094407  9.981517  -8.225386  -10.236741  2.2855732  -10.432885  -8.030306  23.251368  -8.590336  25.48299  -1.7844969  -7.507505  16.87227  3.3799882  -6.2897177  2.4893727  -11.777765  -1.8132641  -7.1441708  -4.975737  -11.828363  -4.2745543  20.96547  0.98927987  4.867835  26.075207  -7.852192  9.240059  6.746893  -2.318751  3.650136
0
-3.3969767  -2.4362473  0.37510034  1.0353163  6.3530207  -1.3137248  1.2241944  1.9948854  -0.5860248  3.5447333  -3.037424  4.203794  0.6840953  -4.238846  -2.6550508  -2.0178356  -3.1152427  3.3011851  -0.048969813  1.0204798  0.3007517  0.46124735  -0.94765794  0.45320094  -2.71678  2.389704  0.4481724  -2.9940965  2.3039973  2.8209777  1.0236088  1.6268781  0.8599513  1.4860053  0.16900742  1.4388733  0.07044195  1.0820414  -0.4271271  -1.0281506  0.027095001  -0.52808475  0.02830312  -2.7832503  -1.3801023  5.4701986  1.7610427  -1.6859351  2.9891481  0.10146019  1.3242862  -2.7163723  2.3723302  -0.22592697  0.9943285  2.591212  0.5564325  -0.24085908  0.59564096  -3.5586224  0.4296476  0.28709996  1.6711751  0.90907496  -0.8865665  -0.33179262  0.6263587  1.4569786  -2.4310431  0.14780699  1.5561275  0.26732063  -1.5219666  -0.12892242  -1.6625751  -0.67108315  -0.64408505  3.9633045  -1.3514827  0.761707  1.8304329  -0.24305785  0.71686244  -0.73760015  0.823235  1.1839188  -0.8933157  -1.1505488  -1.0140743  -2.0391476  -2.9061227  0.8566915  0.15207405  -0.014354475  2.283431  -0.95624  0.2661541  -0.62034166  0.06799469  2.639957
100 1 1
4
0
-3.6485457  -18.375706  -6.923293  -4.6934476  9.250536  -15.653062  10.482294  -1.3041118  -12.009708  14.394312  2.537357  0.34604114  3.268853  6.295515  5.101178  -1.141909  -3.346885  -5.9502783  10.721208  2.3887465  1.5667022  -12.267136  -9.431839  8.797438  -6.3219457  6.08573  -1.394902  -19.3128  4.5273967  -0.24205445  2.8613205  15.497791  -7.858393  -1.1363753  -3.566735  -3.979528  2.9532025  5.5729465  2.4135  -5.1376147  -0.76826376  -2.2132547  6.245512  -6.56001  -5.130554  15.217784  5.4707317  -2.754964  9.900484  -2.2918184  3.5562418  -1.4564422  7.212718  -3.0026815  -4.7763257  5.899787  -3.9912512  -7.018497  0.5573176  -3.2160633  6.4708195  -4.313198  -2.0576997  -4.8315845  0.97727513  -8.411265  0.6195139  6.677313  5.782928  17.867779  -5.2438498  -2.9402459  -2.1420531  3.8274434  -3.1300523  3.8609385  4.779826  4.505764  1.4133285  0.61202234  3.4101956  0.011620633  1.2100477  -1.0732133  2.2155035  0.3006537  0.8515856  8.523903  -3.8666952  0.1949745  -0.90196174  8.202385  -0.6539041  -6.100599  7.780624  -3.9778295  -4.6607957  1.6267679  -0.66859597  2.0554986
100 3 1
5
0
-0.028059438  -0.6625582  0.74503493  0.44272158  0.8631963  0.25029343  0.06073524  0.57799715  -0.21223031  0.2437931  -0.036165327  0.5241285  0.41874683  -0.7213372  -0.18263222  -0.24487066  -0.039172612  0.3687122  0.17523783  0.23389703  0.14588244  0.3787179  -0.20266378  -0.2897292  0.025343888  0.05966651  0.115160234  0.14308748  0.21210746  0.27193496  0.3683789  0.3211984  0.046219975  0.055159345  -0.13560633  -0.07399373  -0.14603339  -0.15365884  -0.11332746  -0.28516555  0.06795178  -0.117786035  -0.19792782  -0.1710766  -0.07128831  0.45666164  0.0009994004  -0.10098184  0.21510863  -0.07844059  0.1443634  -0.14686704  0.23775707  -0.18603653  -0.100921236  0.54518366  -0.0552816  -0.053200543  -0.18282777  -0.17270094  0.06770265  0.45068645  -0.1468845  0.0380694  -0.09910512  0.07607809  -0.26324156  -0.005022415  -0.05241495  -0.11752067  0.05456313  0.095026255  0.07134536  0.12028418  -0.325383  0.057121575  0.12192782  0.7294842  -0.32593992  0.054178413  0.10682645  -0.079547465  -0.065670334  -0.12729004  -0.108401924  0.020248765  0.18341675  0.22352915  0.11005457  -0.19573286  -0.034939796  -0.14065796  -0.10833442  -0.12775499  0.02830454  0.08836641  -0.13045892  0.20013332  -0.13555631  0.049058508
0
-4.4844522  -2.4185805  -2.055183  -1.2035148  5.0764256  -0.1090543  3.490337  0.445777  -1.5908473  0.7268664  -2.7725565  3.6795592  -1.6677275  -1.7040358  -1.2499466  -4.2681932  3.9313767  0.9483212  -0.19270636  0.28487  0.19509777  3.0892642  -3.874793  2.1511142  -1.7058821  1.2130415  1.1399426  0.53356385  1.171947  -1.1370085  -1.0444397  3.3863816  -0.47509718  0.26561338  -1.1264164  -1.1932355  -0.00849285  -1.9713079  -0.47093385  3.6818728  -1.3446436  -3.7836878  -4.3185873  0.7468672  -0.6439923  1.4180441  0.7344963  0.77844995  1.7393004  0.15670393  0.017923728  0.28398168  0.5885604  -1.4825543  -0.9810002  1.1215488  0.59278715  -1.1949953  -0.41772813  -0.3547112  1.3579297  0.20578578  -0.88941574  0.55706  0.008051139  1.2976798  3.1220734  1.9549451  2.249824  0.24638376  -1.234149  -0.5287544  -0.5455129  -0.67063755  1.8368757  -0.20414801  2.330738  1.8492143  1.8218476  -0.23852187  1.5069199  2.2814715  0.81673557  -0.17475536  -1.2923417  -1.0562419  -0.22586414  0.32457533  -1.0489296  -0.36074317  1.1059468  0.83030665  -0.77053535  -0.3329094  0.68798923  1.1952046  0.96352684  -0.46958822  0.17585072  -1.3338368
0
0.57308567  -0.30572277  0.41213468  0.47555757  0.7904705  -0.022601739  0.08516333  -0.0036607357  -0.32335603  0.5379794  0.0050743483  0.5446996  0.51144296  -0.59622115  0.012992939  -0.5187326  -0.08483939  0.4961871  0.39753035  0.39268306  -0.13349397  0.47152945  -0.11626865  -0.08682439  0.04198592  0.27198687  0.065716736  -0.11212637  0.048489787  -0.053263452  0.20119648  0.3371225  0.19808172  -0.0582621  -0.16308282  -0.0066727363  -0.19113466  -0.0030292459  -0.33836493  -0.2553356  0.178018  -0.2728501  0.065749094  -0.05162266  -0.1709199  0.6401244  0.00400473  -0.2506105  0.098469995  -0.14844102  0.2469426  -0.51486343  0.48387402  0.011180185  0.03792697  0.3511374  0.007934252  -0.22275019  0.22238222  -0.13938293  -0.09569752  0.3433993  -0.06042658  -0.0057667997  0.06943361  -0.0011159144  -0.3128917  0.20507668  -0.110105045  -0.033289604  0.29366273  0.054297067  -0.008710042  0.14283644  0.033410076  0.048172798  -0.17769463  0.90525687  -0.20917454  0.25536436  0.028913714  0.10739133  0.064036116  -0.0923971  0.13560592  -0.06746961  0.30933243  -0.03812591  0.17780206  -0.10546705  -0.18873337  -0.33793592  -0.16934511  -0.07464449  0.018709633  -0.08085928  0.060692914  0.16367942  0.060497493  -0.13379832
100 7 1
6
0
-42.632565  -20.553764  -21.77747  -13.369538  49.402504  -2.5272923  34.6205  1.1852022  -15.2119875  7.197867  -28.884657  36.297977  -16.06219  -16.482359  -10.738025  -43.282585  40.10049  9.868747  -1.7204794  3.4235735  1.0871121  31.42657  -36.815643  21.525019  -16.839113  11.455728  11.542154  3.7979856  10.405227  -11.492159  -11.467337  31.223629  -3.7729316  2.3870926  -10.758659  -10.527332  0.7680198  -18.915743  -5.218982  37.39963  -13.80141  -38.914146  -41.25558  9.385164  -6.8079467  11.886018  8.149191  7.4243035  16.149431  1.7833599  -1.0829924  3.197676  5.7701454  -14.318369  -8.69579  10.616103  6.1602473  -12.250906  -5.008859  -2.8644972  12.893032  0.8345647  -8.864499  6.100118  0.20234926  11.648725  31.792078  20.297045  22.442562  4.0658717  -11.712543  -5.3270383  -4.812384  -7.3239317  18.876287  -2.0916138  22.381021  17.212954  17.462545  -3.0953174  14.2931  22.67005  8.402432  -1.201757  -11.081313  -10.511171  -2.1710498  2.7061217  -10.661887  -3.3739345  10.512541  7.841924  -7.1744094  -2.4538136  5.5167813  12.178705  10.464226  -4.2212486  1.7492864  -12.695592
0
-42.632565  -20.553764  -21.77747  -13.369538  49.402504  -2.5272923  34.6205  1.1852022  -15.2119875  7.197867  -28.884657  36.297977  -16.06219  -16.482359  -10.738025  -43.282585  40.10049  9.868747  -1.7204794  3.4235735  1.0871121  31.42657  -36.815643  21.525019  -16.839113  11.455728  11.542154  3.7979856  10.405227  -11.492159  -11.467337  31.223629  -3.7729316  2.3870926  -10.758659  -10.527332  0.7680198  -18.915743  -5.218982  37.39963  -13.80141  -38.914146  -41.25558  9.385164  -6.8079467  11.886018  8.149191  7.4243035  16.149431  1.7833599  -1.0829924  3.197676  5.7701454  -14.318369  -8.69579  10.616103  6.1602473  -12.250906  -5.008859  -2.8644972  12.893032  0.8345647  -8.864499  6.100118  0.20234926  11.648725  31.792078  20.297045  22.442562  4.0658717  -11.712543  -5.3270383  -4.812384  -7.3239317  18.876287  -2.0916138  22.381021  17.212954  17.462545  -3.0953174  14.2931  22.67005  8.402432  -1.201757  -11.081313  -10.511171  -2.1710498  2.7061217  -10.661887  -3.3739345  10.512541  7.841924  -7.1744094  -2.4538136  5.5167813  12.178705  10.464226  -4.2212486  1.7492864  -12.695592
0
-16.056252  -17.628668  -13.809584  -5.4744706  13.90209  -17.148382  3.766017  -23.336155  -18.836233  19.32514  0.46092862  13.211603  4.2714124  -7.521299  -10.397114  1.1011852  -20.030842  9.883461  -8.2237215  -4.7332273  -15.104479  -12.775133  -8.569571  17.59518  -9.148939  23.803278  18.313028  -20.44487  9.653847  10.415811  -11.6823225  21.495193  18.07173  6.2329288  -5.63003  9.2308035  3.669769  9.5706625  -8.316467  -9.341326  -8.031664  14.492919  -12.151711  0.9125351  -2.938445  8.238176  4.375748  -2.5608559  9.33838  1.1217703  2.7561405  -5.618892  5.946776  -12.359077  -4.1897244  7.795289  3.5093305  -15.10563  3.3696582  -10.612617  3.8678703  3.372048  -3.6287086  2.3924115  -2.6202848  -17.850512  -13.37003  7.887829  -8.475338  -0.8160596  -4.619025  -0.7111029  -5.988404  3.7874694  4.606295  -0.20571905  10.595044  13.399593  -4.166204  0.21614145  2.9827137  4.7676573  -1.5586644  8.135546  -13.613605  1.9849569  6.6823516  5.02947  -2.512105  -2.2572258  -7.67479  5.0024333  5.170584  -13.586234  0.07851871  -12.145718  -24.574614  -4.65846  -8.513599  -9.110387
0
-42.632565  -20.553764  -21.77747  -13.369538  49.402504  -2.5272923  34.6205  1.1852022  -15.2119875  7.197867  -28.884657  36.297977  -16.06219  -16.482359  -10.738025  -43.282585  40.10049  9.868747  -1.7204794  3.4235735  1.0871121  31.42657  -36.815643  21.525019  -16.839113  11.455728  11.542154  3.7979856  10.405227  -11.492159  -11.467337  31.223629  -3.7729316  2.3870926  -10.758659  -10.527332  0.7680198  -18.915743  -5.218982  37.39963  -13.80141  -38.914146  -41.25558  9.385164  -6.8079467  11.886018  8.149191  7.4243035  16.149431  1.7833599  -1.0829924  3.197676  5.7701454  -14.318369  -8.69579  10.616103  6.1602473  -12.250906  -5.008859  -2.8644972  12.893032  0.8345647  -8.864499  6.100118  0.20234926  11.648725  31.792078  20.297045  22.442562  4.0658717  -11.712543  -5.3270383  -4.812384  -7.3239317  18.876287  -2.0916138  22.381021  17.212954  17.462545  -3.0953174  14.2931  22.67005  8.402432  -1.201757  -11.081313  -10.511171  -2.1710498  2.7061217  -10.661887  -3.3739345  10.512541  7.841924  -7.1744094  -2.4538136  5.5167813  12.178705  10.464226  -4.2212486  1.7492864  -12.695592
0
-38.273647  -18.266693  -19.269716  -11.899185  44.6144  -2.5404472  31.23704  1.4219654  -14.078468  6.70885  -26.24387  32.974026  -13.955654  -14.917598  -9.77796  -39.15894  36.099117  8.979108  -1.520016  3.353094  1.0613283  28.442532  -33.230614  19.17305  -15.158398  10.37481  10.373966  3.2726138  9.32875  -10.637946  -10.274322  27.911629  -3.3936815  2.3301783  -9.687153  -9.480544  0.41889268  -17.08765  -4.7139783  33.688786  -12.141388  -35.108814  -36.988037  8.230512  -6.1499314  10.948613  7.3481483  6.5011663  14.656138  1.6612513  -1.3835808  2.219278  5.296751  -12.701338  -7.775318  9.706965  5.4337335  -11.044549  -4.6712294  -2.0090518  11.965926  1.1193984  -7.845503  5.239652  0.51106536  10.371402  28.719568  18.282541  20.167929  3.5681727  -10.447232  -4.802432  -4.40723  -6.602588  17.263662  -1.6894991  19.797268  15.94881  15.449243  -2.585991  12.798423  20.588438  7.661627  -1.1450441  -9.893921  -9.531366  -1.7822652  2.3097177  -9.53631  -3.1828296  9.664228  6.9321322  -6.5080566  -2.504939  5.0171146  10.954674  9.470818  -3.6450572  1.6625999  -11.1781435
0
-87.378  -86.370094  5.715002  -1.8900149  76.23665  -15.663248  16.522783  -60.9699  -35.84616  76.390335  -20.7007  52.602478  25.38657  -39.045868  -34.649647  5.1023626  -17.362787  4.256253  -29.427391  8.564421  -31.009245  -38.729134  -47.59702  70.563225  -26.341967  75.11223  33.90447  -43.646587  42.29809  50.178406  0.82090914  56.51626  16.248419  37.859383  -30.519714  -4.8991385  0.67234427  47.111385  3.7898479  50.47846  -5.234354  -5.4333344  -38.150368  -7.596169  -0.04608184  -10.254633  2.3976302  -7.7207065  23.1088  16.04187  -2.2946274  23.037533  12.044047  -42.239025  -21.155344  -10.581121  12.6795845  -7.0498495  18.07842  -21.124075  39.410786  -5.7874684  -2.8929152  -25.413517  15.766813  13.69018  12.792871  -18.999039  6.24251  -24.718842  -16.817684  0.158927  -14.414407  6.388524  1.9317359  5.68452  63.31673  -12.484295  29.77748  10.814944  -3.9295864  7.877791  8.874616  -23.973406  -35.317577  -26.18942  -0.15405665  3.8592103  -27.739948  -26.25197  22.002737  20.93653  -5.991555  2.342524  17.217047  9.798463  -6.006703  6.8082705  -27.860495  -8.641278
0
0.11749519  -0.1501412  4.140339  3.0860703  4.0663404  0.27520627  -0.10809776  2.33288  -0.4902538  1.1713048  -2.3638356  5.219329  3.9149878  -3.7736285  1.9693689  -1.0555717  0.15657696  0.24117911  1.2739359  1.5547507  0.5841067  2.3928618  -0.65512216  0.3389176  1.2973597  1.1786417  0.62264186  -2.3073764  0.68013066  -0.9442984  0.8577359  -2.6896772  1.8772931  -0.20674922  -1.5363448  -1.3427881  -0.3588797  0.4008452  -1.016326  -1.0569546  0.5625176  -1.4533402  -0.37823534  -0.54571193  -1.7390536  4.751999  2.5659728  -2.2758985  1.2482449  -0.3768608  1.7975434  -2.878468  1.8735832  0.6481269  -0.7074627  4.844883  0.35391325  -0.802614  0.3375957  -0.8558586  2.4590476  1.8894621  0.41497287  -0.020644195  -0.6729524  0.15842423  0.18079737  1.155635  -2.4350626  -0.2004798  -0.08326612  0.89643663  1.0142418  0.08739308  -1.2726238  -1.0647299  0.47462255  4.5683265  -3.4673367  0.21577916  -0.6193443  -0.25931332  1.0975777  -0.82283735  0.427042  -0.4544369  1.3830585  -0.054566223  -1.4742467  2.2890353  -0.07948871  4.0859284  1.5632827  0.5119474  -0.60844684  0.2933444  -0.008896168  0.48197362  -0.017249642  1.0621524
100 6 1
7
0
-12.674942  -12.778719  -6.7751374  1.9832435  5.6295586  -19.96145  9.804188  -5.696571  2.3335211  6.3427057  -6.354649  1.2685926  9.098109  -8.859198  -0.0059931204  -2.2610064  -14.416386  7.6249423  -2.8527899  -8.345551  -0.45928693  -6.1384096  -8.070999  5.7288046  -10.1283  15.447795  13.533187  -4.9105153  3.234593  4.455131  10.98266  11.476137  4.6535783  14.429034  7.770415  9.93613  3.506952  10.377676  2.6201081  2.266118  1.4695923  1.7840538  3.44362  0.46148488  -4.3855996  11.468227  10.854948  -0.752269  6.278428  3.7783506  3.364314  0.9106761  8.032869  -4.8861237  -5.4896674  4.6727962  2.8937204  -3.5308306  2.0203938  -7.73964  7.5887547  -1.7616786  -4.128929  4.4044576  -6.4336762  -12.228322  -4.3036895  1.0036036  4.78183  -0.727394  6.222649  -0.95725656  1.602355  2.4462373  -0.71773314  2.9500413  5.193804  7.177533  4.545825  5.491714  -0.94151807  -1.8883759  -3.09827  -5.7714  -0.53793794  -2.2900784  5.754235  5.245506  0.043893933  -3.1324193  -5.111412  5.625009  0.7526411  -5.387089  3.6574826  6.307578  8.66997  -0.20814157  1.5046129  -0.40425
0
-4.7869973  -1.1446353  2.821766  1.8275096  5.916306  2.46435  0.718116  1.8498063  -1.5810996  -0.6337626  -1.570138  2.7827125  7.651704  -1.2547375  0.34046063  -0.46235037  0.22836019  0.93568003  2.0677342  0.9663184  1.2052757  3.2632134  -1.0664113  -0.28638616  1.193197  1.3174423  0.16102879  -2.248058  1.1623493  -1.6445352  1.1495471  -1.4646072  1.8165822  1.9468755  -0.6610634  -1.3110672  0.32963964  0.21166298  0.7963436  -0.14368029  1.3155813  1.209166  -0.49688154  -0.14743179  -0.8274135  3.9320312  2.5798545  -1.7911222  -1.301986  -2.9206104  -1.0857439  -2.6702306  2.9661307  -1.0489777  2.8322165  3.3504746  -0.69921565  0.40858474  1.690425  1.7500105  1.4932934  0.8767111  -0.20666192  -0.40993926  1.4107515  -0.4679654  -1.6286523  0.94799733  -0.9141532  -1.3714539  1.852579  1.1156182  -0.30389813  0.24423023  -0.475975  0.5485459  -2.0564208  5.6257434  -4.1329083  -1.8514609  -0.4117341  -1.679274  0.11207499  0.40028107  -0.37099135  0.7274715  0.5308704  -0.25540486  1.1177036  0.3550233  0.18410662  0.98820007  -0.08479178  -0.6394292  1.1670339  -0.44136184  0.77740574  0.67160726  1.4883046  -0.9894412
0
-3.5046866  2.0363774  5.1554236  2.734301  9.1651325  0.33787283  -0.87447333  1.4897317  -1.0803576  0.898108  -1.8566046  3.9468946  8.6809435  -0.053565744  -2.5292292  0.17608446  0.68201476  2.5292892  1.2791653  4.8819427  3.3286724  4.0564475  0.2652143  0.35006627  1.2523012  2.3882976  2.045523  -4.0216827  1.884951  -0.79423624  -0.10759145  -1.6671096  -0.035241466  1.0643927  -1.6639409  -0.5533829  1.2592734  1.4676064  1.5534234  0.1308733  -1.1153915  1.7713662  -0.019382859  1.7207743  -0.53764564  5.445165  2.36086  -5.156373  -3.7228363  -4.979299  -2.1001966  -3.2542527  0.14867303  1.5774546  3.06476  4.8948526  1.7992561  2.2791092  2.6212397  2.7986856  1.3557696  4.737922  -0.34258303  -0.73239094  5.066989  -0.14583078  -0.3728208  0.22643843  -0.9249602  -2.1284642  2.0633864  0.32085842  0.50842786  1.9958673  -1.9151678  3.9141364  -4.061739  5.640703  -5.538113  -1.6477001  2.5827353  -0.56459427  0.6564418  -0.25860432  -0.61111146  1.9866043  -1.3261821  -0.64786303  -1.9964445  -2.3643174  -1.3554056  3.1664014  -0.23607662  -1.36278  1.0501128  0.63954556  0.8239492  1.3709167  1.3874179  -0.1133696
0
-0.9697485  0.59707046  4.385477  0.6868056  5.872781  1.0819136  0.08175307  1.8541954  -1.9189606  1.29354  -1.7255095  4.407094  5.4068847  -1.5856733  0.3538587  -0.5960541  0.037112515  1.665811  1.6704657  2.115925  0.053199816  2.5080154  -0.40350834  -0.31161308  1.0884492  0.6970996  0.16774124  -1.5000615  -0.24476835  -0.12599295  1.0725484  -1.2232028  0.9826481  0.23764463  -1.1487566  -0.7992532  -0.96784294  0.86741287  0.006890986  -0.62435585  1.01409  -0.49161282  0.6529427  -0.15877955  -1.1005805  2.5120914  1.0654395  -2.7075908  0.16171604  -1.2660942  -0.050048504  -2.7829611  2.337436  0.31957334  1.052606  2.4810653  1.0775954  0.15263747  0.015209025  1.2321383  -0.06717786  0.9734664  -1.2109327  -0.39210922  0.4939077  0.41866258  -0.5810004  0.47555825  -0.36132178  0.054164577  1.3521615  0.8213627  0.24353303  1.2213053  0.47627404  -0.68301857  -1.4655125  4.646568  -3.5731373  1.2752984  -0.43384975  -0.23574014  0.8532222  -0.2698538  0.18213023  0.44097304  0.6927537  0.31460854  0.20157228  -0.5186564  -0.54238075  0.77675956  0.07999718  0.22109619  0.43680823  -0.14781262  0.13791916  0.28020433  0.112103224  -0.15477419
0
-2.378774  0.36144388  4.351143  1.4208332  5.1654553  2.1535876  -0.5753887  1.4918488  -1.8156874  1.2047895  -1.3531971  5.6677966  4.368056  -2.2356803  -0.14693207  -0.9394212  0.1524388  2.3436253  0.64566207  2.1228223  0.3536973  4.394535  -1.8318992  -0.38831887  -0.15013655  -0.44024774  0.63346744  -2.6516345  0.47227433  -0.2584709  2.1497507  -0.4600626  1.4446714  -0.337695  -0.2242866  -0.13000719  -0.143188  0.46925294  0.071613684  -1.8381137  1.0798277  -1.1061212  0.9870724  -0.24137622  -0.23194465  3.6036034  0.61332226  0.44833076  0.3193576  -1.0322889  0.3495146  -3.7199922  2.4109797  1.1120038  -0.8119317  2.787168  0.8342563  0.039887138  0.51240623  0.9362769  -0.5357945  1.8964446  0.6579419  1.2767327  0.7951147  -0.116493694  -0.49049455  0.85110104  -0.5867086  -0.8411013  0.8713981  1.0029435  1.2343283  1.8311764  -0.11927593  -1.2159346  -2.4812202  4.6210537  -3.279123  0.6720783  -0.044991046  -0.35210457  0.10371465  -0.30631074  0.88775903  0.14099051  -0.14951447  -0.41464975  -0.4738165  -1.9021815  1.8372762  -0.62142324  0.49401683  -0.43418393  0.7736126  -0.05769807  0.5449462  -0.5201475  0.23384897  0.35028875
0
-2.9243784  -9.327981  5.7626214  11.1867285  -9.141316  -0.44481376  -8.459961  -7.98665  2.2748473  1.1187978  6.307349  5.126477  -0.9412633  1.5257567  12.882422  1.21003  -0.30521274  -8.782735  -8.184278  9.396998  8.175086  9.232869  0.20005119  -5.346009  -4.2708926  8.532334  -4.2948775  0.07104882  10.604696  1.0516689  -3.6599462  -0.07870198  7.052418  -0.57027346  -2.4937398  0.3832042  -10.584096  3.89083  7.981909  -0.36048868  -1.4840612  -6.6912513  4.05119  1.1570054  -1.9189717  8.528746  5.5237904  -7.4656997  0.7289691  -6.398634  -3.427238  -2.3124833  -0.8406029  0.85884476  1.4672638  5.500268  4.2461452  2.8359735  4.4204545  -0.90491617  5.3331065  5.0092545  -1.7511693  -4.4866605  4.0233192  5.46233  4.803229  -2.544663  2.4319503  -8.295251  0.53779703  7.8352356  -1.0691997  -2.1526186  -0.7935465  1.6791848  2.873713  7.551482  0.20568407  -5.8127565  5.6126766  0.8847832  6.908414  -1.8154145  7.7968025  1.8626807  -0.673234  -1.3135443  -6.8995957  0.64886165  -0.3125319  4.4546766  4.2513413  -1.6168596  3.616386  -0.47637242  2.6350517  -7.3608994  3.6324089  2.01272
100 5 1
8
0
-0.82500386  -9.144453  -1.9134922  7.3298626  0.115715355  -14.903151  6.1503167  -11.520966  9.17258  1.8445177  -8.498953  14.039083  12.963143  -4.3633657  -6.37088  -2.4924383  -6.3418026  6.071363  -1.4875022  -4.821723  -1.5546352  6.8299823  -8.348924  8.582142  1.2675501  5.246308  1.2607179  -3.5025315  1.9434774  -0.32628104  -0.7258765  9.957405  -4.0063167  3.3575492  0.5710476  1.7980417  1.087126  -0.12070753  -10.971573  -2.4276743  0.21815412  -3.1064174  -0.04200262  0.3316437  -4.3232894  9.76453  9.860034  -2.5627894  10.050974  2.566626  0.44272846  -3.0628023  11.923775  -10.444089  2.4571164  3.8744297  3.7559063  -5.815103  5.77672  -5.8092456  4.5538726  -2.5056298  -5.7838097  -1.6872154  -4.896383  6.1233864  0.3292455  -1.971009  4.605452  1.0122199  -5.0204053  0.7350603  1.7747719  2.1767123  0.84884554  0.05121114  8.281687  8.031114  1.7232223  1.473519  4.177391  -5.311792  1.4004545  0.8675933  3.920472  -3.6962156  1.9005024  3.164256  -6.822147  -1.5055615  -3.8272529  2.7534392  -0.82024056  -3.7970288  4.8036966  1.0544947  2.7635603  2.1174572  1.9510331  -2.7656472
0
-41.85362  -20.128988  -21.264622  -13.07437  48.56219  -2.5052392  33.935394  1.2741445  -15.019486  7.223892  -28.334648  35.724342  -15.687155  -16.263872  -10.439457  -42.34928  39.31464  9.707177  -1.7329743  3.4029899  1.0736284  30.909916  -36.070496  21.046276  -16.501627  11.253111  11.252741  3.718446  10.174666  -11.271099  -11.190853  30.545204  -3.717256  2.3468897  -10.57907  -10.314718  0.72290576  -18.568712  -5.140567  36.608116  -13.504955  -38.162315  -40.3857  9.228027  -6.725067  11.840854  7.9478188  7.264726  15.896261  1.8296864  -1.0153003  2.9884326  5.6145535  -13.926771  -8.479243  10.377373  6.005279  -11.984545  -4.7543  -2.74486  12.561399  0.7857553  -8.590799  5.9568286  0.21934643  11.403735  31.148655  19.873505  21.947691  3.9998014  -11.462204  -5.2464604  -4.68409  -7.089293  18.483313  -2.0152006  21.86875  17.019623  17.027548  -2.9997764  13.994235  22.276794  8.238238  -1.2039346  -10.813107  -10.274397  -2.0933783  2.6565201  -10.464748  -3.3714035  10.303304  7.71971  -7.042862  -2.346902  5.354763  11.93008  10.281449  -4.1260285  1.7147396  -12.435197
0
-21.43766  -8.278381  -6.868973  -5.443151  28.300127  -1.9992096  16.748756  3.3377526  -7.621474  3.565379  -14.050016  23.47632  -4.353989  -11.514603  -5.1800575  -20.947514  20.103455  5.3901005  0.22433469  3.6886148  1.0428237  17.610428  -19.334787  10.450657  -8.030614  5.0693064  5.8980827  -0.37158746  4.634336  -5.618525  -5.3952174  14.644544  -1.0038673  0.8810196  -6.347857  -6.0992117  -0.6535433  -8.573936  -1.9512424  18.11847  -5.387677  -18.503403  -18.477177  4.674521  -5.4323874  8.364947  4.8505745  0.91054285  7.202882  1.2944936  -0.49410257  -2.7247698  2.9898722  -5.642515  -4.741708  6.1018133  3.0960023  -6.779925  -2.3780527  -2.130835  7.245218  2.3902147  -5.398311  3.4370747  0.4338544  6.896012  14.793319  10.546456  9.773837  1.7600676  -5.796492  -1.7993445  -1.4429045  -3.2136285  8.118232  -2.0824728  11.696886  9.432826  7.334301  -0.37986195  5.73025  10.778122  4.1747003  -1.370189  -7.092922  -4.66213  -0.93562603  0.6758914  -5.869768  0.33115608  5.330071  4.69346  -3.8369932  -0.62604624  3.7693946  6.7720265  5.2415085  -0.9646822  0.9625898  -6.8709393
0
-42.142822  -20.654255  -20.10378  -12.252714  48.17173  -2.1822538  33.353268  1.3653226  -15.448944  7.269048  -27.660334  35.46883  -15.412226  -16.473618  -10.936571  -41.516594  38.340714  9.417363  -1.7468172  3.506222  0.7537067  29.94728  -35.3662  21.380037  -16.577698  11.263989  11.422471  3.3620996  10.595382  -10.800925  -10.70702  30.382538  -3.5301077  2.5008848  -10.475125  -10.360222  0.4019414  -17.970541  -5.2054744  35.89734  -13.408699  -37.315765  -39.749847  9.0863695  -6.763297  11.550156  8.427044  7.1559963  15.855671  1.9206645  -1.2300572  3.0182018  5.568413  -14.502039  -8.626244  10.374133  6.1166124  -12.088139  -4.58226  -3.0979874  12.293813  0.6871117  -9.033639  5.93008  -0.0032772683  11.110961  30.269684  19.228172  21.291927  3.5835178  -10.860292  -5.190284  -4.8506503  -7.2881894  18.360762  -2.0590682  21.69672  16.646925  16.704859  -3.181316  13.761924  22.153568  8.155023  -1.1254152  -10.769162  -9.846064  -2.076023  2.653965  -10.735569  -3.2905426  10.249992  7.6515627  -6.9046307  -2.2041233  5.650508  11.9550705  10.280753  -3.9226692  1.9411994  -12.3764515
0
-41.27053  -19.916464  -20.969841  -12.881604  48.08416  -2.4287512  33.57495  1.2545679  -14.840908  7.055502  -28.077236  35.29863  -15.411219  -16.078625  -10.422909  -42.04236  38.94582  9.627276  -1.6001531  3.4120383  1.0901911  30.64737  -35.758305  20.882395  -16.323532  11.144513  11.196125  3.629643  10.113461  -11.178521  -11.092724  30.24252  -3.6900945  2.29295  -10.503012  -10.276551  0.74099183  -18.346642  -5.056686  36.214626  -13.390938  -37.745823  -40.030357  9.098327  -6.6556234  11.704377  7.962852  7.1352787  15.643544  1.6318991  -1.0014918  3.0211928  5.6114697  -13.879771  -8.366706  10.385532  5.985961  -11.829347  -4.8232036  -2.6810374  12.495647  0.8574499  -8.586859  6.0046325  0.2038168  11.272862  30.812387  19.673113  21.75741  3.9539428  -11.31895  -5.1754475  -4.581828  -7.0356636  18.243893  -2.0498188  21.643478  16.82875  16.821526  -2.952113  13.868711  21.99817  8.186511  -1.2032509  -10.730675  -10.186241  -2.086823  2.5419712  -10.349469  -3.2969265  10.1857195  7.7186923  -6.9754477  -2.348928  5.329014  11.856348  10.157476  -4.0195785  1.7358655  -12.326893
