10 23 100
100 12 1
0
0
-10.23865  -40.37781  -4.081458  -15.097516  2.6133063  -28.622286  -10.132159  -30.026104  -1.690221  43.326454  -4.935999  6.6869373  6.711303  -14.965246  -23.163162  14.868646  -26.90201  14.544221  -5.217852  -17.744568  3.0558581  -15.021612  -4.280609  26.205252  -36.23543  24.36218  19.097708  -16.921232  20.346567  12.441189  9.718991  12.98752  26.467121  21.449348  7.482099  15.461083  9.155454  19.938475  5.197205  14.152431  6.194415  4.0952444  -2.1806343  -13.367585  3.480584  11.21324  1.4943359  -2.7547207  17.053434  9.073552  -0.052845478  -10.590173  8.121398  -10.417374  4.011339  3.15423  9.245332  -20.549461  2.7079425  -16.91456  14.059523  9.557953  -2.5372417  -0.083673  -3.9629712  -5.554008  10.349557  -23.866018  1.0653083  -14.118097  -4.439301  -7.941103  -6.086012  14.51636  -0.63027745  5.095262  2.304258  17.394133  7.3493  1.8229482  1.5596621  1.625228  6.386078  -2.727645  8.060131  3.1309543  15.308291  6.6101036  -8.3087  -18.250254  -10.84569  6.3840065  0.6890676  -13.010385  11.443583  -3.4682565  32.463074  -4.5127873  10.722003  11.787384
0
2.3645115  0.5486727  7.814935  2.0288348  8.66997  1.1676711  1.4085481  4.637749  -2.347649  1.4201518  -1.855944  8.375632  6.807931  -5.548261  1.2775091  -1.5570931  1.1830628  5.243198  1.9670345  3.4335363  0.8980442  2.3391917  -2.6654735  -0.6207728  2.9071243  0.6316943  -1.5521896  -1.1018312  -1.4613962  -0.80667466  0.26958266  -2.0017412  2.1088803  -1.112699  -3.8697467  -0.20101824  2.611569  -1.2131536  1.037902  -0.42723876  1.7652667  -0.764862  -0.03762591  -1.9257454  1.1552218  6.0045705  3.2749245  -1.3688014  1.8024813  -5.630116  5.311492  -4.8916073  1.2838801  2.5513372  -0.34835023  3.3641198  -2.9345167  0.54660475  0.80999166  -1.2295644  -0.32424316  2.199779  1.3603524  3.4035077  -0.048696127  0.23705354  -1.111116  -1.9750067  -0.20396793  1.5304939  0.05458865  0.6617269  1.4760704  -0.8385447  -1.7419177  2.3168094  -3.9480307  2.226821  -6.266995  -0.9252736  1.4435192  -0.84585977  0.6541553  -1.2424892  -1.0837221  1.3097062  1.8523443  -1.9319487  -0.15877558  0.9951885  1.4745152  -0.9737146  1.7658103  -0.017569752  2.397027  -0.2719965  0.3746218  0.92744654  0.4740195  3.439406
0
3.8783264  5.398829  4.6769342  3.3639193  0.44710955  -0.4391425  1.9035337  6.4975233  -10.088818  1.0749577  -6.4264636  7.1566453  1.509437  -2.7382371  1.1302232  4.144664  1.0388252  4.4091744  2.8331778  5.5061774  0.046051197  4.187679  -5.6446395  5.0017977  4.339296  -1.924288  -0.28503737  -6.1963234  -0.48413855  7.632491  5.1555815  5.919362  5.2197504  3.433512  3.9252279  -4.8022118  -3.5123827  -4.9201202  5.5419307  0.3958771  1.8479434  -1.1424663  0.6505885  3.4373708  -1.2995516  13.800934  1.6176225  9.590521  1.9799619  -2.3924017  2.7175117  -16.112137  8.497766  -2.3185725  6.9907184  -2.942173  4.2294555  -3.1255174  7.9590774  -9.3769455  3.4898276  2.261255  3.9619224  9.048751  1.6607018  -1.0051969  4.2350307  -0.47499543  -2.4269485  -1.2769936  5.080142  4.900485  10.132657  0.7829133  -4.475705  -2.1878488  1.4435402  5.172413  -11.298368  -0.59552383  1.5628778  -1.5870899  -3.603291  -6.789078  8.022892  -1.0992767  -3.0227442  5.538641  -2.87802  -6.0051084  1.7986988  -2.8866942  -4.5640006  5.0788727  0.8623378  -1.7472633  5.839824  -0.96180564  -1.2068115  -0.17814772
0
-48.135372  -37.06852  -2.2551272  1.2466072  45.27257  20.623339  24.164392  11.1260395  -4.438373  3.4030263  -9.796174  43.96581  -2.6765501  -16.483873  -1.7397395  -14.467055  -11.175851  3.0502317  -0.47055566  0.18158305  -4.441622  -11.561682  -21.532839  15.725308  17.86296  15.003657  15.392965  18.417044  -8.928958  -0.5627096  -15.101457  21.52616  29.74019  -9.656248  15.933913  16.108416  0.3533293  17.730516  -10.058947  22.876804  4.645606  -10.840771  -10.759458  16.040253  -10.717303  0.6698245  3.8102102  -5.855214  23.584179  23.404696  -0.7005388  -1.9544833  -18.477167  -44.98787  -14.048003  -6.1593094  14.491652  -10.632899  -4.9252524  -7.156707  33.289104  -9.824238  -17.327673  -14.790441  -14.814093  4.2568426  9.9487  -17.8857  35.346226  -2.3975468  15.611655  -3.8318648  -2.8961892  19.13986  1.1374909  3.7307007  23.437677  -7.489477  28.39316  -5.7906284  12.964368  1.7092952  -19.94112  -8.743613  8.501868  -2.782329  -13.146203  27.157608  -8.156929  4.4610767  -18.677896  2.8355124  -8.776948  -8.962473  3.4159403  27.497156  -17.522425  7.95373  12.703728  12.956406
0
-1.886773  4.3729033  10.148628  4.437425  9.406373  -2.3638036  -0.22433291  0.748312  -8.551252  8.6444845  1.302577  6.554522  15.169983  -3.7266207  3.0306103  -7.834301  1.603032  10.161784  6.3262024  9.264365  1.8907278  7.2487864  -3.149605  -2.2288184  7.98024  4.0800757  1.981151  -0.4908197  -4.5255713  -3.3750715  6.1139555  -1.8871577  -0.08142299  -0.4370006  -2.3436928  -6.268219  0.025413325  0.38045627  1.8773206  2.7116797  1.3535898  -1.308374  -0.68722194  2.6907918  -6.3793178  11.289118  -1.0960578  -12.031643  4.825192  -0.38675645  -1.5942961  -9.563733  5.3474283  -3.4550195  5.0208077  8.382319  -2.8266509  -1.1522133  3.1503696  -2.8762646  2.698311  3.8592863  3.33042  4.5539374  4.7222652  1.6507986  1.7836801  -3.2073555  -3.4696102  -2.8973577  3.204703  -1.2416124  0.4739708  2.6490605  -7.2194924  -1.3735284  -3.8438618  8.2290535  -5.0733423  -6.4664006  3.6135485  2.9397569  -0.53780097  -4.2189174  3.0592382  -3.2062511  0.2537009  -4.433028  -2.7001925  3.0275183  -2.0086176  2.2189143  -3.191875  -0.5754406  2.9577668  2.0957701  -4.9136934  2.5615366  0.9829152  1.3167609
0
3.8706481  1.7218677  5.740608  3.984147  7.675076  -1.0311589  -1.4267722  3.1707983  -1.198853  3.5559123  -1.0450004  6.066576  7.126189  -0.6253243  -0.17640297  -3.5038724  2.0997393  1.6143644  4.0134673  5.700301  0.22516587  3.0890212  -2.7903578  -0.7742152  0.2928483  0.72652304  1.3410405  0.42453635  1.699435  -0.6846764  2.1968515  -1.2523615  0.22114924  -0.008848435  -1.0475026  -1.0514799  0.10175986  -0.27377412  -2.2772632  -1.1926366  1.8718743  -0.38626218  -0.39175427  0.022575634  -2.433586  3.3836298  3.4994857  -4.6537676  -0.12294869  -2.9840941  1.3205775  -7.6680775  0.5314974  4.4249997  -0.91533494  5.9139123  1.8356683  0.9103711  2.7091281  0.1201496  -0.29492384  3.0160825  0.33696502  2.2638936  1.5209557  0.11683717  -0.4733317  0.97810066  -3.6171203  0.82524836  1.3523808  0.99569565  1.4635094  2.3573663  -2.8542128  0.16172822  -0.73557305  7.1907034  -3.4217544  -2.4042587  -0.075270526  -0.91443104  -0.8045476  -1.7554314  1.2890978  1.069511  -0.373315  1.1287808  0.3966304  1.2318718  0.033233926  1.2915848  2.5161052  -2.63026  1.9951128  1.2270175  -1.0520263  1.4805118  -1.5607746  1.1091245
0
-5.2339115  1.8645757  6.3690515  2.7864373  8.674569  -0.084732465  -4.4952445  5.9799232  -3.9950128  3.2810931  -1.1445153  10.348006  6.5806427  -2.6419556  0.097130224  0.52234167  2.4926736  2.0405674  2.190076  3.567033  2.673983  0.5503926  -1.3200954  1.1078831  2.4818904  -1.1769418  0.51627755  -2.0404701  -0.6064714  0.91034335  1.4773688  1.0293959  2.7990358  0.89026815  -1.5880711  -2.7126398  -2.150239  2.4312503  0.46930033  0.62951255  1.8943046  -0.32045752  3.3175302  -0.022851367  0.25333878  3.586429  -1.7237059  0.07347581  2.261687  -1.0312196  0.49722868  -5.579675  3.9699125  2.860618  -0.38696846  3.67794  4.355001  0.52702695  3.3177617  1.1068453  -3.205197  -0.24849334  -2.6147866  2.604913  -0.24839643  1.8102019  0.11520092  -0.33535334  -5.259562  -0.44135448  4.2271795  -1.7254856  -2.18632  1.369134  -0.88528985  0.47451553  -2.440467  4.92136  -4.4742413  3.2289674  0.46201032  -1.6926737  1.5003691  -0.7196967  2.987458  -1.6751078  -0.5316533  1.8742704  0.21833959  1.8289899  -0.7818681  0.73581296  -2.4980063  -3.9904642  -0.7981057  4.2496247  -0.5037486  -0.17567264  0.1201043  0.7471517
0
-1.0799738  -15.375897  0.74658215  0.5780997  9.617638  -11.138271  -4.2704415  -7.30902  -1.4945018  17.075535  -1.5458215  7.3284173  5.38668  -11.379119  -7.94493  3.9756439  -8.779349  5.4959517  -0.8685092  -3.1427574  2.0511746  -5.247753  -3.3620176  7.4451485  -13.531183  11.257434  7.7849054  -7.5479784  7.1466856  5.0042214  4.839012  5.817889  10.547253  9.609041  4.303576  2.5864635  4.673686  7.239162  2.9707747  4.9918776  0.96984416  3.0318043  -3.0535278  -5.331192  -0.41783816  8.678688  3.6878488  -5.551178  6.18952  3.0879781  2.8697133  -7.9043975  5.5769787  -2.1400714  1.9352821  5.8498764  1.2220309  -9.257044  2.8828845  -9.316613  4.6222653  4.704592  -1.061617  0.67111135  -2.02742  -2.0709493  4.6414413  -8.909747  -2.6017735  -3.9087915  0.32202157  -3.4922764  -2.487651  4.0843983  -0.5134714  3.232383  0.6056019  10.87866  0.61825764  1.6823462  1.5410028  -3.2719538  0.1606363  -3.4732616  -0.07332225  3.4226856  4.3336716  3.0914  -2.4980416  -2.54257  -4.0495834  4.74782  0.093956195  -6.881193  6.9783897  0.49428457  9.170234  0.69482267  6.973954  3.7347827
0
-4.500374  -0.4335158  0.059860367  0.78720886  9.2984495  0.15581587  -0.32844195  2.8127873  -3.0913892  4.025704  -1.6216013  6.080197  6.345596  -3.3184183  0.7034479  -1.4710492  -0.11143736  3.6763206  3.7316587  3.7404904  1.0526097  3.2954378  -3.5455275  -1.8356234  -1.3671426  2.0215154  -0.34155303  -0.5117585  1.4692018  -1.5778176  1.6461996  0.42575443  2.254377  0.3367325  -4.010977  -2.3830633  0.14812888  -0.98740035  0.049452174  0.25643626  -1.4464605  0.3380808  -1.0127279  -0.41081652  -2.6068218  0.81308717  0.7841247  -3.6887364  2.4006858  -1.6043937  2.4775145  -3.9798284  4.0817103  0.50913423  0.5242004  3.9793806  1.5581377  -4.3445716  -0.30595803  -0.4376746  -1.2055916  1.5265601  -0.22481066  0.28526664  -0.6183383  1.7027602  0.8925248  1.8063687  -1.9454905  1.4475652  -0.12326747  1.3474089  0.09097149  -0.45951676  0.03675577  2.9193845  1.614717  6.763516  -2.204072  1.5017189  -0.18855996  -1.5701993  -0.1316368  -2.494308  -1.5583681  0.8905172  -1.5370122  0.2665497  0.82257986  1.625542  -0.33510908  1.5634807  1.0021087  -1.6940987  1.5224069  1.2549186  -1.2570739  0.59863687  2.183521  -1.0966487
0
-12.394113  -9.461429  -0.2740762  1.1013027  14.715147  -5.123378  2.815603  -3.211443  -0.80649817  10.586448  -1.1455631  9.535056  7.0577765  -11.06127  -5.192058  -2.151047  -6.975222  4.7924676  -1.1373962  -4.463296  -0.30061245  -1.063255  -0.30653393  4.2283816  -8.219752  5.113512  7.109128  -7.8642797  6.3095913  1.0317378  0.42425206  4.401466  7.4033613  6.9553385  1.2526815  3.267092  2.6994107  3.623203  -1.5021788  5.739319  -0.6870296  0.16972868  -1.505568  -6.2756042  -2.3450778  6.9359775  2.332704  -5.2854767  6.0521975  3.6308715  3.0481784  -3.664679  3.5296896  -2.928966  1.2845062  7.2595057  1.5515697  -5.974163  0.25707498  -4.200095  2.3256555  5.7188244  -0.8307367  0.8658733  0.20863517  -1.8070514  0.18617547  -3.5933645  0.45441997  1.4718517  2.5313716  3.1842165  -2.186267  0.7701985  0.8846134  3.930933  2.384373  7.522663  1.9983282  0.06422451  0.39746457  -2.9025705  4.4724255  -2.170237  -1.7995709  1.1531528  2.2395191  3.3240933  -0.5155616  -2.3126278  -3.7912614  -1.1702819  -0.37105635  -4.6039343  4.6087937  0.9318701  2.8520663  -0.992864  1.7329644  2.3227704
0
-12.146318  -8.377899  -1.7136959  0.15836579  9.809764  -5.8891516  4.159686  -3.6726515  2.8707974  11.24472  -0.11222543  6.6102743  4.3664155  -8.9990835  -5.927354  -2.6854703  -4.2130704  2.431804  -2.2182744  -5.1046963  0.16444999  -0.45395923  0.25623205  4.6555743  -6.542129  3.4255672  5.1821685  -7.118301  6.704261  3.039076  -0.8178333  3.726128  8.149127  7.245971  -0.11984053  4.1228027  0.7782512  3.9376247  -0.84367335  3.0167916  -0.76503456  0.8951926  -0.36275068  -4.3835263  -1.4725566  7.1327395  1.428259  -3.707337  3.940573  3.7270074  0.19752623  -3.1237037  1.8310239  -2.936178  -0.15849447  5.128348  1.7051277  -3.6123657  0.037274614  -4.046749  1.2235056  5.725713  -0.76387155  -0.022485225  0.09506628  -3.8407984  -0.6830187  -4.517246  1.5937461  2.506597  1.6216927  -1.4107746  -2.5408368  0.4929412  1.2859324  2.3599439  0.6800141  5.9766936  3.0275905  0.49977174  -0.3926105  -2.3938553  4.3295975  -0.9780226  -0.10667375  1.2937075  2.2260582  3.7813072  0.31203675  -1.2035958  -4.2682757  -3.1239903  -0.3125379  -4.208049  2.6361337  0.75888526  2.2903125  -0.87638456  0.41675395  3.088687
0
19.804762  -10.2295  -2.1591878  4.110836  7.2981253  2.7846353  0.42949086  0.68096733  -16.193108  12.055301  6.880938  13.029456  -4.901271  -4.4152274  0.44153637  11.320394  8.813855  -6.481254  13.007567  2.3402927  10.377062  -9.868057  6.829895  0.52756137  12.30173  7.698152  -15.213007  11.10122  7.3198824  1.8237107  6.695043  -4.7402697  -1.2754246  2.1788385  7.344815  -3.5915866  -0.11574846  -0.94423896  -11.189399  -1.3453639  4.2454977  -2.6188543  0.3189662  6.9577665  -6.61956  8.650397  21.580944  -4.201335  18.39493  4.5579863  -7.036675  -14.529802  1.9689537  -10.860567  3.191931  6.6881685  3.979558  2.098203  9.371319  -14.086629  13.733579  1.8166039  0.5881136  -5.691191  3.1083179  0.32946557  -5.4080453  0.6554665  -4.987302  2.4653416  -2.2373781  -0.5745476  -4.552285  8.197224  4.0046926  1.0804771  4.0118275  12.763238  0.1736625  -1.4723382  -3.5343869  4.240088  -0.27238914  -5.4520564  -1.0207726  -2.5675128  -11.361606  7.5458403  -0.057094626  -8.758556  0.8859263  -1.7366889  1.1755037  2.2995498  4.2379127  2.471056  -4.121637  8.461146  -6.0974727  -0.49233794
100 2 1
1
0
-15.120166  -13.529178  9.167709  8.044883  17.79882  0.4316702  3.1393807  -3.121031  -9.822735  5.7506294  -9.847034  6.0984225  -1.9854695  -5.125213  -10.963626  -0.9709081  0.09891963  -0.10055122  -2.8207047  -6.43855  -16.301147  0.64532506  -5.7734666  -2.2586918  -21.646814  19.643284  10.22667  -1.2003793  10.078059  6.832607  -9.755299  14.97187  11.619152  -2.75379  -7.575451  10.477751  9.664436  1.7538668  3.2353206  12.327631  6.472474  4.1563797  -6.061536  2.5098803  0.42673516  17.274834  2.2389984  -1.258191  3.925947  0.468831  -12.318951  -8.765975  13.086717  -5.38176  0.5864699  -5.0896015  4.53514  -3.7393332  4.265075  -7.8942842  3.836683  -4.501883  -9.580974  -8.388421  -8.366072  -3.3111799  0.71137863  -2.053501  -5.6226735  -3.8202896  6.1485076  -2.8744543  -10.918652  3.3140147  11.445894  1.3870772  3.381326  10.279273  3.4356647  -2.8838246  6.9944444  -2.6984541  9.611841  -13.536911  -4.1058927  -7.802516  3.2986302  2.3069715  2.4758365  -7.536229  -2.6385796  10.160831  -4.8324656  -0.09004831  2.243189  -3.2981315  -2.3725314  -1.2151854  -2.5430362  2.2051744
0
-17.54047  -8.701139  -7.4553113  -4.548068  20.366371  -1.3234752  14.496812  1.2091246  -7.0821176  2.4593685  -11.606275  15.097029  -6.05587  -7.0026608  -4.3642287  -17.97251  16.041872  4.1739206  -0.36004728  1.9701672  0.50662076  12.770264  -15.143112  8.606909  -6.4281297  5.3995442  5.00098  1.2358193  4.2470427  -4.555128  -4.242757  12.361588  -1.3796394  0.28685433  -4.7780285  -4.0910473  0.3781116  -7.9074087  -2.2394886  15.051728  -5.352026  -16.146032  -16.63936  4.55142  -2.1807  5.4508758  3.4026232  3.198279  7.0125484  0.6660284  -0.38045564  0.6729906  2.667205  -6.4581585  -3.4625273  4.0609384  2.514015  -4.9411983  -1.9041334  -1.440438  4.844254  0.122545004  -2.631663  2.653093  0.050924987  5.0778875  13.470453  8.088557  9.6737175  1.6640121  -4.4461994  -2.1478486  -1.8457757  -3.0572157  7.9307213  -0.8444237  8.609735  7.506457  6.503224  -1.4685396  6.26175  9.779571  3.5250728  -0.86605793  -4.968063  -3.8200665  -0.8917578  0.8824143  -4.0923057  -1.2629211  4.4322186  3.3430953  -2.6212823  -0.87721676  2.1872437  4.93191  4.8560047  -1.3894749  1.0378075  -5.253053
100 4 1
2
0
-10.179881  -14.876976  -4.9362726  -1.2963884  11.754378  -9.111553  -0.96413183  -9.044781  6.088482  18.179066  2.7281144  2.0646403  2.4802978  -12.428478  -8.149748  -4.34304  -1.8318616  1.5531336  -6.3814325  -12.358756  -5.336381  -4.84041  -5.8510046  7.309771  -19.217443  9.773422  10.719472  -12.194916  6.981885  4.7823663  -3.1736434  10.831881  10.538223  12.427318  1.6642402  5.5844874  2.5561407  1.4830829  1.2023019  2.8035634  -1.3241138  6.1615105  -6.7645826  -3.2628658  -2.3674202  8.249101  2.7798786  -0.6533855  7.708965  3.661208  -0.7174117  -1.8957665  7.6834197  -9.666067  0.52621645  0.23997974  -1.151769  -4.6896  2.4042752  -5.192244  6.316795  3.067833  -5.6985283  4.2761254  -1.7378943  -6.4421487  4.4784465  -2.637777  7.3914547  -4.0904684  -4.5683436  -2.6896055  -1.8102354  6.7829804  3.0230856  5.330758  -0.49942097  9.57289  4.0265517  1.2508005  4.812231  1.8994817  -1.102848  0.2642462  -2.401199  -0.75056344  7.488952  4.220981  0.9293006  -8.215977  -6.737997  -3.6374302  0.38933033  -3.0287933  2.7427583  -1.4103172  3.7576804  6.697309  -3.5483584  -4.715063
0
-10.179881  -14.876976  -4.9362726  -1.2963884  11.754378  -9.111553  -0.96413183  -9.044781  6.088482  18.179066  2.7281144  2.0646403  2.4802978  -12.428478  -8.149748  -4.34304  -1.8318616  1.5531336  -6.3814325  -12.358756  -5.336381  -4.84041  -5.8510046  7.309771  -19.217443  9.773422  10.719472  -12.194916  6.981885  4.7823663  -3.1736434  10.831881  10.538223  12.427318  1.6642402  5.5844874  2.5561407  1.4830829  1.2023019  2.8035634  -1.3241138  6.1615105  -6.7645826  -3.2628658  -2.3674202  8.249101  2.7798786  -0.6533855  7.708965  3.661208  -0.7174117  -1.8957665  7.6834197  -9.666067  0.52621645  0.23997974  -1.151769  -4.6896  2.4042752  -5.192244  6.316795  3.067833  -5.6985283  4.2761254  -1.7378943  -6.4421487  4.4784465  -2.637777  7.3914547  -4.0904684  -4.5683436  -2.6896055  -1.8102354  6.7829804  3.0230856  5.330758  -0.49942097  9.57289  4.0265517  1.2508005  4.812231  1.8994817  -1.102848  0.2642462  -2.401199  -0.75056344  7.488952  4.220981  0.9293006  -8.215977  -6.737997  -3.6374302  0.38933033  -3.0287933  2.7427583  -1.4103172  3.7576804  6.697309  -3.5483584  -4.715063
0
2.0119343  -0.46069038  4.302376  3.7489107  6.2749443  0.136197  2.061769  3.8744276  -1.9606644  4.113423  -0.24509929  6.0428195  5.4394073  -3.944525  0.6866268  -2.9616675  0.43563566  3.255849  2.847596  3.0718694  1.474181  4.803346  -1.3151265  -0.04382969  -0.040607486  1.3286035  1.0433358  -2.1198602  0.097733416  0.62035877  2.2889493  0.25160158  1.0251836  1.2249125  -1.0480896  -0.6859369  -0.5587582  0.73194  -0.41322434  -0.46294874  1.7017725  0.09953354  0.1654739  0.7573496  -2.6840658  6.0997663  2.0991035  -3.4751425  1.7635037  -0.38381967  0.29488093  -3.4656816  2.3716846  0.49697325  2.280214  3.2545512  0.4156261  -3.1518784  0.62109315  0.014607787  2.0358036  1.7209193  1.3851091  2.1057081  0.17887156  -0.45051688  -0.5597312  0.4119497  -0.5838577  -0.6975003  1.9683039  0.61164933  1.5861652  0.22656214  -0.34576154  0.8520778  -2.1264966  8.494684  -2.7095616  0.38374895  0.45795643  0.15004286  0.8765717  -0.701541  0.9728668  0.51098746  2.4994571  0.12313226  1.1232568  -2.1785107  -2.7448397  1.1951541  1.2204413  -1.4526739  0.24022293  1.5150254  -0.16014282  0.57471436  0.97475684  0.7792523
0
2.6608515  0.73707616  4.3472776  2.936604  6.829779  1.0787779  1.3974115  4.0124507  -1.7370691  4.335229  0.7178058  5.5557246  3.6863484  -3.8481538  1.3098366  -1.8155125  1.2830461  2.3209808  1.6672233  1.5824412  1.9727445  3.7145905  -1.1798105  -1.1295184  0.1540848  0.42582747  0.5698828  -1.5607207  1.1393638  0.27371103  1.9526697  -1.2748601  1.7730887  0.73980594  -0.73319876  0.47954142  -0.8503459  -0.36815694  -0.7547431  -1.383795  1.9940041  -0.0026416741  0.8243668  0.14703742  -2.4214575  4.345095  1.493587  -2.887686  1.4349213  -0.5000797  -0.27956152  -1.7264357  3.6989543  0.5839098  2.6833723  2.9941669  2.0208666  -2.5054424  -0.4786182  -0.4454879  0.9027019  0.6162656  0.87410045  3.166411  -0.5557925  -0.40868717  -0.8714917  0.51977295  -0.8963769  0.1322976  2.4096365  -0.20148912  1.2653887  0.18386167  -1.5912023  -1.691996  -0.8801577  6.682941  -3.2787926  0.41901955  0.6753459  0.27698088  0.23380081  -0.1896762  0.33577168  0.31437162  3.3128858  -0.20874992  0.9670231  -1.2295681  -2.8405528  2.3500636  0.10888535  -0.50601274  -0.1853074  -0.2900315  -0.05493144  2.0969896  0.011417136  0.7999489
100 7 1
3
0
-0.9901545  -4.4406533  -1.9407494  2.0912745  7.534508  -1.6629653  4.00159  3.5777528  -6.2228093  7.5255866  -2.6327715  3.076487  3.1032498  1.1141318  3.5683174  -7.3203835  -0.25311852  7.1012726  6.8801317  0.1860775  3.7164059  -0.31987667  -0.15260345  6.0246367  1.5000912  3.1595488  -1.4575572  -7.418544  1.7970843  3.5302022  2.116001  2.5244033  -5.371028  0.3556383  -3.671685  -1.1164147  1.7412202  2.5268533  2.8429484  -2.8642604  -1.1833783  -1.4333299  4.45763  -3.1425939  -3.2444067  9.329704  3.9120188  -2.9666488  4.222569  -2.7865777  1.8909826  -1.0753597  2.78688  2.1255755  -0.9102705  5.8177586  -1.5342631  -2.5633419  0.9313173  1.600706  1.2839159  -1.2108161  1.1233857  0.36359483  1.1837676  -0.20145649  3.3062382  1.1469995  0.017485753  4.1346636  -1.1699162  -2.0734777  1.1121227  -1.5917307  -1.285136  1.7918768  2.23895  7.5151315  -2.0527685  0.6455398  0.46568185  -3.4226782  0.13695778  -0.453806  -1.9448562  3.6960645  0.14931373  2.4731534  -0.92787457  1.9371525  0.78003925  5.107087  2.5969603  -2.2765744  2.0009944  0.036388215  -2.9280982  2.5681503  1.0084409  1.7509724
0
-37.780697  -28.52035  -8.352442  -8.0958605  51.7718  2.2161145  26.929718  3.4309244  -13.313471  14.570056  -19.134775  36.25033  -13.442957  -18.348604  -5.305876  -28.314009  29.09085  8.460437  -0.7718888  6.204063  2.0063071  21.913567  -31.530664  21.388247  -8.716009  13.025435  5.403407  2.0639358  7.171915  -3.3576455  -7.4322953  29.794537  1.107136  1.1960236  -10.60612  -12.420543  -1.0204679  -10.423386  -5.378536  32.98284  -11.230437  -26.821705  -31.98721  7.7325253  -4.9635544  7.3958645  11.630293  3.2578058  18.901405  2.959119  -2.2769663  1.0759057  3.6698718  -16.61744  -10.501205  7.7469487  6.7584043  -8.850998  0.22115254  -4.173314  14.743059  1.6346306  -9.846678  -0.6816337  1.4026369  13.683021  23.624659  16.346882  16.979403  2.1833146  -7.1859303  -2.2728183  -6.220939  0.30191326  14.305523  -3.8364472  25.14068  12.7005205  15.991179  -6.2778215  4.1939383  20.75948  6.171577  2.575562  -9.21069  -6.555247  -4.183077  4.336871  -9.184226  -2.664744  5.7538886  4.7029314  -7.0198345  -3.7311134  9.067261  9.244131  8.797146  -3.6500673  2.2192826  -13.502604
0
-0.36508968  -2.1197107  3.2367868  0.3530445  10.589985  -2.053972  2.4548247  2.0167172  -1.1502302  2.5751932  -4.3059616  6.3320956  3.986322  -6.342017  1.271443  -5.2161984  4.6532226  3.2993119  2.3735938  2.159269  -0.27007312  7.079119  -4.7171993  -0.16364413  -2.316791  1.4819598  1.4547074  0.6694844  0.8522962  -3.0533445  2.0235834  3.5111575  1.3051443  0.73108333  -0.4926559  0.34830973  -0.0582622  -2.1458309  2.014986  0.27330363  1.7800348  -5.7499304  -3.2575297  -0.9759616  -1.9172598  5.1107273  3.4380956  -3.3921187  2.978488  -2.044532  0.5176134  -3.9235134  3.3471076  2.2470887  2.2667208  6.2337174  -1.2510511  -3.8039021  1.0649709  4.275931  3.117974  2.6470044  4.222426  4.792296  -4.2788544  1.5316421  -0.078417405  0.9069049  0.48138934  -1.9572016  1.0061662  0.3441733  0.7565231  2.2901163  3.7015607  -3.1018934  -1.1190597  9.0502205  -4.3998113  1.8889858  2.9406593  1.0150704  1.7998139  -1.1323687  1.0349059  -2.524577  1.7300056  -0.85413104  -0.5819988  -1.6451674  -1.1932193  1.6608641  -1.1707358  2.2887223  1.0356954  -0.430582  0.047198527  0.48762888  -0.28000394  2.1093538
0
-4.157193  0.17252193  3.0211172  1.7617393  4.5131297  1.6432865  1.0813153  3.159928  -2.401471  1.3879031  -2.1701891  5.246555  4.9609  -3.1289415  -0.96564615  0.11897744  -0.4632175  0.7115031  2.1553092  3.5114985  1.0519338  2.7815983  -0.46993136  0.43396515  0.9143713  -0.39777344  0.13883623  0.112674154  -1.2059966  -0.44399247  0.772133  -2.0924826  0.99551815  0.96471727  0.3650315  -0.9545035  0.25673252  1.0281203  0.2556783  1.1567025  0.73266745  -2.2919161  1.1705056  1.022788  -1.5898091  2.8387942  1.5710837  -1.9073348  0.8377269  0.93264586  1.628834  -3.063063  1.5640754  0.5904941  1.2878304  1.5103033  2.1069038  0.337143  0.5127193  1.3300123  -1.8841395  0.7561469  1.3942133  0.006009765  -0.39251554  1.3158672  0.4208849  0.4359819  -2.3958035  -0.12705591  1.7720382  1.884836  0.9913238  1.1566576  1.0638237  -0.87529564  0.25601348  4.7503843  -2.7584527  2.1139395  -0.8889531  -1.9869351  0.88894427  -2.4345143  -1.6336846  0.29235414  0.20447269  0.5650667  0.5797955  -0.43591058  -3.147677  0.8861166  -0.48918164  1.5013652  0.16947277  -0.11969296  0.21831039  0.708115  0.0065678824  -0.045001045
0
-2.3079872  1.6018952  1.5146383  0.1687283  4.913506  0.99865353  2.692303  2.0841591  -3.29833  2.004719  -0.093169704  4.166035  3.882594  -0.86166906  1.8117898  -0.62308896  2.2149453  2.2862518  1.1497368  2.0202043  1.4379033  3.893042  -1.7239724  0.23230158  0.959642  0.6245411  -0.15427265  -2.277146  0.7544632  -0.6552913  1.7526124  -0.53851664  1.021975  -0.49093348  -2.2184718  -0.94041944  -0.74944097  0.8824749  -0.6649016  -1.3773801  3.170817  -1.6584036  0.10415262  -1.2637148  -1.6608868  3.2798235  1.191747  -3.342623  2.324224  0.07064814  1.8637426  -0.10443685  0.6862445  -0.6346887  2.3545766  4.0064144  3.744507  -1.6569228  -0.027369013  -0.5533642  1.154848  1.6292005  -3.1126757  4.374643  1.7994045  -1.7614571  -2.2512045  0.8603619  0.5124666  0.1180388  3.542852  -0.15650631  0.04550666  -1.4320143  -1.9642502  -0.9750115  -1.4644622  1.6871569  -1.7835406  0.25408557  -1.8942115  -0.7064343  0.38314736  -0.78372544  0.5146145  2.244844  3.1910167  0.392127  -0.40337747  0.46228543  -0.50873685  3.3950806  -0.2232388  -2.493851  -0.34510878  -0.67978555  0.10879343  0.02944116  1.5605414  0.9499251
0
-0.8597671  0.4334084  4.1404467  0.79507226  4.1497445  1.6624296  -0.29235005  1.1026912  -1.5489609  1.4968147  -1.3593469  3.3188288  4.1924896  -1.1659133  1.3043367  -0.7105171  -1.5435786  1.1550138  0.35595402  0.014583766  0.75136024  1.7725595  -1.9609184  0.99279433  1.5982718  -0.57970816  0.5309873  -1.3996603  0.008485602  -0.97829825  1.6564124  -0.15006663  0.7010216  0.49096054  -0.6839873  -0.6522717  -0.2580572  0.07267289  1.2110459  -1.1112053  0.1281552  -0.85817534  -0.4521483  -1.4701118  -0.4222661  1.61725  -0.004005268  -2.9878874  -0.110296145  -1.3935686  1.7113411  -0.7271175  4.2290506  -1.2159514  1.6117536  3.2686064  0.35234982  0.10565689  -0.20336245  0.24996696  1.1704208  2.9204364  -3.7650285  2.120319  0.12218211  -0.7677596  -0.6151104  1.3440241  -0.12685956  0.9773849  1.8150218  0.4481075  1.1478533  1.3028784  -2.957217  -0.9218216  -0.9221447  2.6035078  -2.8710132  0.71411717  0.521442  0.046544272  0.015380053  -0.46325022  0.75848746  1.8182847  2.1779516  1.1811507  -1.397446  -0.07509545  -1.5805035  1.2698843  -1.7411354  1.3031961  -1.353796  0.14255491  0.38034004  -0.16266409  0.8482273  0.43629387
0
7.0997267  2.3593285  3.6388392  2.6182408  2.9543083  2.1103513  -3.1167028  0.67199844  -4.7233386  7.2688227  1.2924515  2.056017  1.9656895  -4.263162  1.9195912  -3.6099846  -0.8666886  5.100231  3.8653846  3.5203757  5.1745896  5.117812  -4.001255  -0.57285076  3.6815705  0.56484133  0.26901695  -0.6527942  0.988023  -1.1959318  2.310785  -1.2718079  3.2323892  2.6191087  -0.7985693  -4.600159  4.322721  0.7933185  -3.1998947  1.1356671  0.6136538  -4.887204  -0.8245511  2.875376  -1.3921152  2.8891246  -1.0088979  -8.474496  -1.1190649  0.8780317  4.202842  -8.239088  1.133789  0.2614859  0.03299117  5.909669  -1.531306  -1.5153637  0.37680173  -1.0173213  -1.7947223  2.107037  7.894709  1.8683425  -3.6033387  3.5305805  -0.76575243  0.7168954  0.1975079  0.88781285  1.2361894  0.24515401  0.7819847  2.8816767  -1.4042379  -2.1234899  -0.9167667  7.99022  -3.5279272  -0.9539918  -0.8079273  -0.53208846  -2.0375974  -0.81288075  4.1983776  0.00585549  0.49083513  0.9133462  -1.4529786  3.3273463  -7.638109  6.510653  4.42212  1.9197227  3.2175536  0.57869357  -1.0227549  4.2268457  -0.4390239  -1.0433031
100 6 1
4
0
-1.5667093  2.9057646  3.6525755  1.3632281  4.350888  1.9936023  2.7061448  3.5049112  -1.5915617  1.2837399  -3.0820239  5.359065  3.2876222  0.76599264  -0.47775334  2.3914435  1.6100597  1.5907899  4.475248  3.8277643  -0.24794497  3.162434  -0.34988105  0.91463095  -1.0564904  2.9586616  -1.056767  -2.1332355  1.2616992  -1.2291487  0.7144601  -1.331472  1.374348  0.72962385  -2.320564  -0.91261715  -0.17575309  -0.6683666  1.5025167  -1.809863  2.7851613  0.6772224  0.28612015  0.24256401  -3.3248706  3.3987095  1.4522257  -2.469872  1.8702267  -2.386872  3.0661776  -0.40798745  5.361694  1.6173761  1.7908785  6.611249  -1.3061584  -0.01289778  1.0303469  -3.1968048  -1.2008369  -0.17857167  -1.5862702  3.2227843  0.66432595  -1.6769468  2.068625  0.6520769  -1.7396364  -2.399302  1.8431972  1.8510284  2.5240018  -3.5201597  0.43374518  -2.8317554  -1.2638732  4.1556435  -4.85233  1.4674642  -1.5837352  -1.2378178  1.4367372  -0.6256283  -0.2541735  1.7065665  0.23267406  -2.546014  -2.3538473  3.9233088  -0.57783455  3.3368697  2.4377563  -0.8032941  3.2212937  1.2597528  1.1754042  1.6871542  2.426366  0.5243203
0
-1.4550617  1.0232369  4.1737247  0.8250005  4.785297  1.6221304  -0.124322124  0.87821394  -1.626582  0.6984389  -1.2099209  3.2543044  4.460041  -1.8339053  0.12848128  0.6176878  -0.7245984  0.5313022  2.1862261  1.5913984  -0.2716805  2.1816614  -0.99467367  -0.000850752  1.349643  0.7445873  -0.7802275  -1.3106744  -0.53983986  0.5686815  0.60041755  -0.89196914  0.5132663  0.54267496  -1.6839311  -0.66405755  -0.8963622  0.6744772  -1.4477587  -0.9514088  0.13383724  -1.3463135  0.64040524  -1.2514514  -1.1775082  2.667412  1.4038122  -2.049942  -0.4629508  -1.285419  0.42900792  -1.2965878  1.7640582  1.4659638  0.32106915  1.850481  1.521642  1.5174628  -0.37921482  -0.053009413  0.45720366  1.0046769  -0.22415683  -0.2531892  -0.9328263  -0.1149412  -0.57553285  0.34472877  -1.7512009  -0.19001524  0.7927292  0.6847658  -0.039908115  0.9213415  0.26307374  -0.9617615  0.78740615  3.3272915  -3.3234463  -0.7388621  0.2255617  0.0017549512  0.3489323  -0.45060083  0.5468143  0.9507964  -0.35874  -1.4672534  -0.69740415  1.2123573  -0.4927476  1.3001556  0.95688176  0.57157385  -0.319726  -0.23418155  0.52547055  1.0408536  -0.24559721  0.79190534
0
-84.79719  -56.70084  9.825444  2.8556533  65.84183  6.815604  28.159412  10.039528  -21.590782  26.413092  -12.917297  47.69296  -6.2160153  -34.014072  -22.074009  -27.904812  18.69259  16.282352  -8.847543  -2.1734524  -8.90001  9.132741  -35.041164  13.1052265  -21.518925  22.554785  20.070534  1.2764869  6.3842287  10.059667  1.1966082  40.523075  10.162557  7.448028  -20.567253  -17.59473  6.2278137  -0.10188241  -1.8617254  39.36836  0.8784384  -13.996753  -27.082281  14.41109  -5.830631  -0.7327142  16.228  6.576138  19.681513  9.315045  -5.240196  10.207563  0.4429727  -30.505451  -18.53578  6.8869143  10.302831  -8.638497  -2.9660308  -5.2317877  16.312864  -5.3519864  -12.586069  -1.7529697  -0.23099755  7.6939015  21.475473  12.393564  8.316887  5.5786986  2.4866302  6.8888054  -11.530533  3.549212  19.13944  -3.6704245  38.55865  2.8033915  17.373901  -6.2451806  8.248118  12.649764  2.6691146  -12.407347  -14.828065  -18.62973  -1.4514544  7.2893248  -12.583789  -3.2172256  4.0979686  4.372466  -8.889563  3.0307496  22.25413  11.552584  5.95793  -1.1287637  1.7902869  -2.8918114
0
-0.33607677  1.9805672  2.3244054  1.6780404  4.198012  0.75421786  -0.11444544  2.2071676  -1.3221278  -0.26762515  -1.1631159  4.805005  6.370579  -0.88214046  -0.72461426  0.8167051  0.08318609  2.1188529  3.0297272  3.4660811  1.0381521  1.2921519  -2.1377382  -0.96041155  0.62123734  2.3295276  -1.4417114  -1.3459615  -0.2320842  0.2997595  0.9316642  -0.48939574  -0.31000888  0.72922146  -2.5207453  -0.848471  -1.4085071  -1.1627274  0.63756907  -0.9339972  1.6339847  0.61037874  0.7134101  0.23630607  -1.8211385  2.205409  2.1044464  -1.6964247  -1.1384137  -0.8815473  0.7750303  -1.0301335  3.9107301  2.0750432  1.3340764  4.739105  2.0455992  -0.8206526  0.7681489  3.147551  -0.09534348  2.9362862  -0.08614668  -1.1667496  0.7439073  -0.639252  0.15578876  0.37359607  -1.1239094  -0.76314723  2.080764  1.6822181  2.434254  1.1311325  -0.8329941  -0.98521495  0.63569766  5.003833  -1.7217605  0.29714808  0.27633724  -0.8310334  0.24557869  -0.37582687  -0.36046594  0.41749305  -0.77737063  -0.2793205  -2.470996  1.1717713  -1.8135412  2.460075  0.9064371  -0.102897696  -1.1845248  0.42415464  -0.5294587  1.3730206  1.7106922  0.7198878
0
-0.18430883  0.78775513  4.1772685  1.5541868  5.991802  1.2373478  0.6314555  2.6250513  -1.6148932  1.9295382  -1.3833048  4.305667  5.2429233  -2.2085483  0.2396814  -0.50793135  0.5182933  1.8914193  2.4534054  2.2148676  0.6264427  2.4832635  -0.66418403  -0.5009713  1.1446822  0.9123243  -0.12532379  -1.7842709  0.12064499  -0.48979092  1.2987483  -1.2822343  0.66513515  0.19399306  -1.4121808  -0.92080015  -0.94507754  -0.16243517  -0.3844005  -0.77423465  1.4606463  -0.59397537  0.41891125  -0.1592932  -0.870727  3.391551  1.3945717  -2.4378672  0.46154118  -1.3798765  0.67044723  -2.4372258  2.5023918  1.1626434  1.6485647  2.8067946  0.338501  -0.35182258  0.37609538  0.827272  -0.07205431  1.2076745  0.14571914  0.82968426  -0.012468292  0.087301165  -0.9506951  0.85522014  -1.1726487  -0.016956039  0.6241216  0.80931485  0.93887174  0.4094192  0.013423167  -0.763749  -1.389639  5.343029  -3.259592  1.3688034  -0.70128274  -0.32241806  0.53359854  -1.0759487  0.19892061  0.37980467  0.86509556  -0.058033243  -0.11438957  1.0927792  -0.9896492  0.77741367  -0.19265465  0.23516338  0.045320682  0.2496587  -0.23763254  0.70595556  0.47660238  0.47954825
0
-1.3300323  -3.0095835  1.8674586  3.0139809  -0.42028856  -5.483425  0.039566945  -0.048875865  1.7999327  3.8725493  -2.801137  8.157852  5.327211  -0.47094747  1.006721  -1.0477701  -2.125352  -0.05470185  -0.32826182  0.679612  -1.210672  5.0200777  -4.8385777  1.7006588  2.2992573  0.8975326  -0.51180375  -1.7887515  -1.0863391  2.286186  2.901983  -0.07704156  2.2377613  -0.7939422  1.3158088  -1.2338214  -1.4481227  0.81301993  -3.807408  2.304815  2.9829402  0.5717411  2.5115967  -1.431433  -2.6263058  8.258917  4.998484  -4.819967  3.6933005  -4.00152  1.1702152  -3.4609737  1.5780444  -0.6816382  0.70655394  5.138604  -0.29515338  2.493407  -1.0074044  -1.0009608  1.0455037  2.2755659  -0.81399673  0.8639704  1.0096073  -2.113361  0.89195603  -0.8459534  -0.656372  -1.786982  -0.000117625576  1.0458744  -0.2588409  -1.1839375  -1.5872645  -1.6317415  2.6808  5.2912793  -3.043408  0.74580234  -1.0174454  1.3038985  0.49728167  -0.37156302  0.36068684  1.358746  -0.743784  -0.5002793  -2.8340597  1.8749235  0.0008928351  4.1938276  -1.0924954  -1.2197796  1.8017663  -0.9620764  -1.2635008  1.525531  0.45114738  0.870092
100 7 11
5  6  7  8  9  10  11  12  13  14  15
0
2.2115054  -0.4362547  4.6837196  1.673018  11.377256  0.7435507  2.423711  2.2655847  -3.3189182  3.1856446  -2.2389896  6.790419  6.2063327  -4.536157  1.1714389  -1.1181743  0.19350721  3.3746843  2.6583822  2.7834325  0.28773895  4.491954  -2.322834  -0.087266326  -0.07379457  2.6595638  1.2441809  -3.7381532  0.45410565  -0.4673757  2.147178  0.6542773  1.3985379  2.0830364  -1.774618  0.4174685  -0.20785405  -0.70527726  -0.3097244  -2.123071  2.1737797  0.26550838  -0.3567617  -1.6489452  -2.0994763  5.2860003  2.9940066  -4.6603193  0.9430994  -1.841937  1.0472827  -3.478815  3.9727504  1.2388662  2.0028493  5.0103865  0.9370413  -0.78013635  -0.37267238  0.50259244  1.624833  0.9277024  1.7798473  3.5609877  -0.70942676  -0.37070718  -0.86834663  0.106211364  -0.51812863  0.27896327  0.4000798  0.29408738  1.4406574  0.2736812  -0.86610913  -1.9847567  -1.8280731  7.8460355  -3.4353313  -0.06959313  0.29500645  -0.8269665  0.6634069  -1.8566387  0.92367625  1.1359348  2.456407  -0.72056884  0.37520766  -0.1788428  -2.6789482  2.6363914  1.5984514  -1.8996491  -0.4724991  -0.33572  -0.58904326  1.5706471  -0.6135647  0.4127111
0
1.9676998  -0.26671833  4.727817  2.793739  10.833918  0.634553  2.8280063  2.6747441  -3.6192584  2.5616832  -2.194195  7.6946645  5.4153433  -4.3806744  0.16391216  -1.3299955  0.38018125  3.0172591  2.3058596  2.3763278  0.5089883  4.99806  -1.8533696  0.27940512  0.35633665  2.3591037  1.2213583  -3.2216923  1.0221678  0.018336698  2.1211898  0.101142704  1.1089243  0.9007639  -1.9964997  -0.32739154  -0.35775897  -0.14970091  -0.49709657  -1.9483591  2.5520012  -0.42083716  -0.69871324  -1.5043538  -2.787493  5.4910545  2.3407006  -4.174626  1.1575425  -1.4779856  0.6341259  -2.8573966  3.7219117  1.7821339  1.8763157  5.121088  -0.03392189  -0.431264  0.21849182  1.4064509  1.4696971  0.92536056  1.9996861  3.6442976  -0.61630964  -0.590793  -0.19526011  0.5761431  -0.52281815  -0.0694263  0.19266526  0.6753618  0.93599313  0.57546186  0.12032569  -2.5142114  -1.719184  7.474751  -3.722066  -0.02745357  0.8416959  -1.2984537  0.6728844  -1.3028411  1.3779026  1.2190037  0.82943976  -1.1236268  0.659903  0.51425433  -1.4253359  2.6798382  0.3118319  -1.1441224  -0.8121542  -0.054935716  -0.018500712  1.3954042  -0.5113346  0.103273325
0
9.584386  4.269375  5.2533026  2.8805664  12.371384  -1.1711792  2.6280074  3.0983691  -4.4455824  6.234336  0.11635181  5.3564396  3.057155  -1.7145166  -2.1991148  0.9007426  -0.38142362  0.4305583  5.1685014  5.946032  -1.5363506  7.6881585  -0.4543994  -2.0318625  0.6737499  5.894117  -0.33186725  -2.2647564  -1.8236392  -4.318523  0.36262125  -0.030720586  3.6441495  -3.5649035  -5.5491796  -1.3881454  -3.4589434  -3.1751215  -1.7714052  0.7099103  -0.394733  -2.3553376  0.8885062  1.890183  -1.9772238  9.786921  4.293943  -0.849233  -4.1677985  3.248118  4.1431594  -1.3070354  8.01432  1.7198958  2.2826786  5.8123674  4.2704463  -6.001421  0.26761588  1.4575061  0.120518215  4.4028015  5.486021  4.2689605  -4.668152  1.1997476  -2.3446214  -1.565114  -4.1458335  -1.9723244  -2.3159697  -1.4828281  3.5687268  0.028573444  -2.0660112  -6.235132  -2.0792677  17.314247  -4.8383  -2.6515322  -1.7698156  -1.7509842  1.1798791  -2.8351705  1.9749752  2.8461597  3.8533385  0.5786004  5.8526096  -0.43788496  -2.423582  6.4700933  0.22587651  0.62161213  1.4537221  -0.4155013  -1.013139  0.30718547  -0.43367922  -2.8329875
0
1.8278683  1.2043982  4.005823  1.6755141  11.2431965  0.7680508  2.2192118  4.7376356  -3.8600986  2.3028069  -2.2298021  7.197712  6.8125267  -3.3033266  1.0920402  -0.723616  0.14124747  3.052494  2.5481467  3.1777637  1.1286637  4.926502  -2.0176497  -0.07337181  -0.20400748  2.2080917  1.6421642  -3.2232027  0.8792389  -0.9034661  1.7174221  -0.7659965  1.2758282  0.6119819  -1.8666053  -0.20729412  -0.45674056  -0.24998376  -0.027487798  -2.0934076  3.2678258  -0.91615915  -0.05052783  -0.93011457  -2.0489206  4.0525737  2.6077554  -4.7112164  0.65926313  -2.625108  0.17625052  -3.6117651  3.3334095  1.0197654  2.034303  5.2776895  -0.6766662  0.35536215  0.8284423  1.5284017  1.4238278  0.98924303  2.107441  2.5670955  0.10173646  -0.3354534  -0.38376656  0.053372696  -1.0152352  -0.382053  0.83326614  1.3134111  1.5398321  0.25605938  -0.33540216  -2.158154  -1.8883843  7.0099797  -4.4149446  -0.049490653  0.42349154  -0.69938296  0.40470132  -1.4843627  1.3002121  1.2501125  1.1819452  -1.476237  0.09514105  0.56302947  -1.844007  3.1941948  0.86742884  -1.4485755  -0.23391837  -0.644058  -0.5286291  1.550394  0.024473796  0.042164795
0
9.75396  4.423351  5.146863  3.2621443  12.342693  -0.9563394  2.6105163  3.1865616  -4.152927  5.776863  -0.11196509  5.4662666  3.3788903  -1.9201084  -2.1837177  0.91110045  -0.31681457  0.61773914  5.4513974  5.7989025  -1.4632897  7.519051  -0.35423008  -2.1162813  0.91764355  5.769196  -0.20836766  -2.4669313  -1.490529  -4.270815  0.3774546  -0.30365068  3.9180884  -3.2770302  -5.33465  -1.2458742  -3.333879  -3.0918057  -1.5382652  0.70536166  -0.31038636  -2.1067631  0.8760038  1.6821998  -2.2987912  9.926128  4.627394  -0.7508009  -4.4029593  3.5537016  4.1500096  -1.0308791  8.106405  1.7290068  2.4960124  5.9299746  4.1906962  -6.0271754  0.2784862  1.1119187  0.27317607  4.4453  5.793871  4.0838895  -4.3550067  0.940229  -1.9698077  -1.6404741  -3.9977674  -1.9745407  -2.360254  -1.2125549  3.6093905  -0.1945874  -1.7587215  -6.3129654  -2.0327957  17.44508  -4.962409  -2.676603  -1.8210102  -1.5277991  1.2307527  -2.5982697  1.939531  2.7943826  3.5892305  0.42567912  5.9808593  -0.17492089  -2.4880955  6.4144716  0.8669245  0.44246122  1.6239053  -0.16895229  -0.77594995  0.29107538  -0.39987037  -2.7837222
0
9.584386  4.269375  5.2533026  2.8805664  12.371384  -1.1711792  2.6280074  3.098369  -4.4455824  6.234337  0.1163518  5.3564396  3.057155  -1.7145166  -2.1991148  0.90074253  -0.3814236  0.4305583  5.1685014  5.946032  -1.5363506  7.6881585  -0.45439926  -2.0318625  0.6737499  5.894117  -0.33186728  -2.2647567  -1.8236388  -4.3185225  0.36262125  -0.030720497  3.6441495  -3.5649037  -5.5491796  -1.3881454  -3.4589434  -3.1751215  -1.771405  0.7099103  -0.39473298  -2.3553376  0.8885061  1.8901827  -1.9772238  9.7869215  4.293943  -0.8492329  -4.167798  3.248118  4.1431594  -1.3070354  8.01432  1.7198957  2.2826786  5.812367  4.2704463  -6.001421  0.26761588  1.4575061  0.120518185  4.4028015  5.486021  4.2689605  -4.6681514  1.1997476  -2.3446214  -1.565114  -4.1458335  -1.9723244  -2.3159697  -1.4828281  3.5687268  0.028573414  -2.0660107  -6.235132  -2.0792677  17.314247  -4.8383  -2.6515322  -1.7698157  -1.7509842  1.1798791  -2.8351707  1.9749751  2.8461597  3.8533385  0.5786004  5.8526096  -0.43788496  -2.423582  6.4700933  0.22587657  0.62161213  1.4537221  -0.41550142  -1.013139  0.30718547  -0.43367922  -2.8329873
0
-11.770681  -5.1420484  -3.0709383  -3.2916343  20.583023  0.65710896  11.480687  2.4384573  -5.67967  3.2954834  -9.584303  14.954796  -0.11664483  -7.3712673  -1.7918046  -13.627819  11.740694  4.6377783  1.0214522  3.134281  1.0716132  12.304723  -11.905601  5.9594126  -4.210682  4.0844703  3.6383955  -0.31903148  3.2303822  -3.2163098  -1.9345461  8.784191  -1.2018455  1.8029842  -3.8484511  -2.9424677  -0.4219295  -5.7717395  -1.6340905  9.830344  -2.6734083  -11.488544  -11.77645  2.6819236  -2.6923246  5.5001383  3.377294  0.8579244  4.695508  -0.6829995  0.19308051  -1.0316029  3.8374188  -3.4632187  -1.0209119  5.8853703  3.0532265  -3.7684565  -1.9533699  0.050332177  3.98892  0.06189707  -2.665776  3.4109197  -0.075065084  2.9937873  8.266515  6.093178  6.068474  1.9155157  -2.823936  -1.2275589  -0.761107  -2.052747  4.842506  -1.3975748  5.564362  9.666711  2.62716  -0.057777885  4.5033402  6.246326  2.4364674  -1.2543294  -3.1951623  -2.205759  1.1031635  0.42155728  -2.2128963  -0.90505004  1.6262404  3.3142166  -1.9566176  -1.8988292  0.82742524  3.4213574  2.2189965  -0.37371483  0.5244756  -2.825688
100 7 1
16
0
1.5379153  -8.1535  -0.52253217  -1.6931823  5.892936  -12.6587105  8.8400545  3.5202513  0.11666452  1.894301  -0.10797511  3.3838387  2.7695642  2.65367  4.250795  -0.18361452  1.8533367  -4.902584  2.9217453  3.1163545  -1.2533344  -1.2109194  -8.876102  -1.1291841  -5.9899974  -3.524767  1.0553503  -4.481701  3.093023  1.4387355  3.0273325  5.2869806  -1.208764  7.620788  -4.753707  2.1541991  -2.4006736  -1.283001  -5.2392607  -0.69482327  3.996209  -1.5759928  -0.30013496  -1.3008459  -2.3372862  10.529872  2.1819491  -2.2165625  2.7554417  1.246461  0.37493202  -4.882612  5.0605125  -2.5941167  -1.0060208  6.163231  -0.101174146  -3.2988083  1.7628993  -2.1090014  2.0612607  -1.8473539  0.070033096  -1.1871417  0.25319988  -8.703174  -0.63244283  1.5079211  3.1624386  2.4826927  2.6386375  0.060017165  -3.7140882  4.406664  -1.8561375  -0.23645002  3.6887982  2.913807  -1.2331632  -1.5868863  0.14909986  5.8264046  0.83254725  0.60500246  2.610335  -0.48355153  -3.6626482  3.0415123  -4.5847197  1.4612285  -3.18505  4.653178  0.042416234  -3.2475624  4.5509233  -0.06051851  2.2202592  0.017628033  -2.8075035  -3.8558702
0
-36.603836  -22.385899  -8.920694  -5.7869735  36.253426  -3.14031  21.084356  0.16049948  -13.107291  6.3102293  -18.861794  26.519585  -10.145952  -12.090398  -10.779772  -28.783024  26.680685  8.417338  -1.5883974  7.051607  -0.05284886  17.57658  -23.23117  15.921263  -15.619792  12.360168  7.6124587  2.395685  8.458093  -2.4126077  -6.7654295  25.562222  -1.1201178  1.3607905  -9.001746  -4.81095  0.34090018  -10.938833  -5.3727937  25.928598  -7.0967026  -20.356813  -27.168346  9.573093  -4.299892  7.3064647  6.344451  4.044117  12.940005  2.0703802  -2.0399258  3.1901135  2.6246336  -13.153645  -10.264756  6.4932227  5.7451925  -7.958098  -3.738415  -3.3652372  9.0274315  -0.5028778  -6.581452  2.20179  1.8254005  6.83857  21.54354  12.460881  12.789556  0.36062983  -6.698099  -3.3610442  -4.7384605  -4.7074957  13.64023  -2.144489  16.14117  8.209453  11.300886  -1.0413587  11.329984  11.444916  2.3798902  -1.3091009  -8.675314  -6.8838453  -0.314792  2.5550778  -8.232653  -2.4344227  7.042228  8.1644125  -5.8817005  -1.8608567  4.526162  7.5785594  4.4711323  -3.3745322  2.9356554  -7.0712113
0
-11.239376  -12.340067  -9.666708  -3.8321292  9.7314625  -12.003862  2.6362133  -16.335289  -13.1853695  13.527608  0.32265002  9.248114  2.9899888  -5.26491  -7.277972  0.77083  -14.021598  6.918416  -5.7566047  -3.313259  -10.573133  -8.942593  -5.998701  12.316631  -6.404254  16.66228  12.81912  -14.311409  6.7576904  7.291062  -8.177627  15.046623  12.650207  4.36305  -3.9410248  6.461562  2.5688403  6.6994605  -5.821528  -6.538925  -5.622167  10.145051  -8.506196  0.6387745  -2.0569139  5.7667236  3.063025  -1.7925997  6.5368657  0.7852389  1.9292977  -3.9332209  4.162742  -8.651363  -2.9328055  5.456703  2.4565313  -10.573941  2.3587587  -7.428839  2.707511  2.360433  -2.5400965  1.6746881  -1.834198  -12.495362  -9.359019  5.5214767  -5.932735  -0.57124186  -3.2333174  -0.49777249  -4.1918817  2.6512284  3.2244067  -0.14400321  7.4165335  9.379713  -2.916344  0.15129904  2.0879002  3.3373604  -1.091066  5.694879  -9.529523  1.3894707  4.677647  3.5206258  -1.7584747  -1.5800574  -5.372353  3.5017002  3.6194088  -9.510364  0.0549631  -8.502005  -17.202215  -3.2609222  -5.9595184  -6.377272
0
-61.164616  -60.459064  4.0005054  -1.3230102  53.36563  -10.964275  11.565948  -42.67892  -25.092299  53.47326  -14.4905  36.821762  17.770584  -27.33213  -24.25475  3.571656  -12.153952  2.9793782  -20.59919  5.9950967  -21.706457  -27.110403  -33.317883  49.394253  -18.439363  52.578583  23.733122  -30.552603  29.608656  35.124847  0.57463586  39.56138  11.373893  26.50158  -21.363811  -3.4293997  0.4706405  32.977932  2.6528916  35.33495  -3.6640513  -3.803337  -26.705246  -5.3173213  -0.03225729  -7.178236  1.6783406  -5.404494  16.176142  11.229314  -1.6062387  16.126274  8.430833  -29.567326  -14.808737  -7.406788  8.875711  -4.9348955  12.654895  -14.786853  27.58755  -4.051228  -2.0250382  -17.789463  11.03677  9.583124  8.955009  -13.299323  4.3697557  -17.303185  -11.772384  0.11124894  -10.090085  4.4719677  1.3522142  3.9791641  44.321712  -8.739016  20.844221  7.5704584  -2.750709  5.514457  6.2122335  -16.781366  -24.722294  -18.332594  -0.10783959  2.7014472  -19.417976  -18.376375  15.401901  14.6555605  -4.194089  1.6397657  12.051928  6.8589277  -4.2046876  4.765786  -19.50236  -6.048895
0
0.70365816  -0.96895117  -0.39016405  -0.14364314  0.12189594  0.8279855  -0.3075378  -0.09302854  0.20106354  -0.19021031  -0.8278531  0.110999055  0.27187586  -0.8182491  0.10747203  0.32826513  0.017674133  0.498433  -0.3055069  0.65411574  -0.0761513  -0.5826018  -0.14162786  0.16293332  0.5772387  -0.18263197  -0.56193376  0.10516572  -0.024445338  1.049972  -0.08860087  0.34446672  -0.4044442  0.037117787  0.2555987  -0.077640235  0.22271052  -0.14345498  0.8309875  0.18243526  0.21457514  -0.2771293  -0.49329472  -0.3512047  -0.036925532  1.0465748  -0.034166504  -0.29302534  0.913327  0.23842047  -0.026522273  -0.25158346  0.46022496  -0.78203475  0.16078785  0.4534789  0.30670872  -0.29971004  0.3896722  -0.100672014  0.16755182  0.12607054  -0.25570047  0.57480216  0.3783632  -0.5402546  0.06772884  -0.6466022  0.078991316  0.18632443  -0.5217884  -0.050731823  0.000853261  -0.59942335  0.32209525  0.067362174  0.67474073  0.47596365  0.24166411  -0.054546405  -0.3530688  0.4507458  0.5440558  0.38074222  0.68261635  0.15899456  -0.3001293  -0.2154491  -0.38838062  0.26171416  0.6951642  0.25486073  0.6263849  -0.06986467  0.1411166  0.09290341  0.30161518  0.114476815  -0.49606216  0.42772388
0
-36.603836  -22.385899  -8.920694  -5.7869735  36.253426  -3.14031  21.084356  0.16049948  -13.107291  6.3102293  -18.861794  26.519585  -10.145952  -12.090398  -10.779772  -28.783024  26.680685  8.417338  -1.5883974  7.051607  -0.05284886  17.57658  -23.23117  15.921263  -15.619792  12.360168  7.6124587  2.395685  8.458093  -2.4126077  -6.7654295  25.562222  -1.1201178  1.3607905  -9.001746  -4.81095  0.34090018  -10.938833  -5.3727937  25.928598  -7.0967026  -20.356813  -27.168346  9.573093  -4.299892  7.3064647  6.344451  4.044117  12.940005  2.0703802  -2.0399258  3.1901135  2.6246336  -13.153645  -10.264756  6.4932227  5.7451925  -7.958098  -3.738415  -3.3652372  9.0274315  -0.5028778  -6.581452  2.20179  1.8254005  6.83857  21.54354  12.460881  12.789556  0.36062983  -6.698099  -3.3610442  -4.7384605  -4.7074957  13.64023  -2.144489  16.14117  8.209453  11.300886  -1.0413587  11.329984  11.444916  2.3798902  -1.3091009  -8.675314  -6.8838453  -0.314792  2.5550778  -8.232653  -2.4344227  7.042228  8.1644125  -5.8817005  -1.8608567  4.526162  7.5785594  4.4711323  -3.3745322  2.9356554  -7.0712113
0
-1.4995075  -1.1304281  2.7185948  0.51199824  4.852539  1.8454616  0.7548625  2.0209286  -1.1047337  1.7569739  -0.9733211  4.051034  2.7683969  -2.7437446  0.16956514  -0.49585778  0.4899925  2.1682687  1.3452338  2.1805413  0.61809295  2.3299518  -0.4031771  0.34904626  0.47913784  0.2596469  0.04764858  -1.0734982  0.6677366  -0.3166443  1.2872026  -0.25912037  0.28560966  0.20608982  -0.50848305  -0.41656336  -0.8107358  0.09504065  -0.03998463  -1.1666061  0.88192326  -0.16357088  0.47976783  -0.16435385  -0.20115288  1.6370102  0.36268118  -1.8298941  0.26376638  -0.99356365  0.18226278  -2.8420744  2.3756547  0.44468752  0.85224867  0.99694556  0.59757  -0.6183014  -0.46276292  0.4794796  0.35078162  -0.20662506  -1.098905  1.2859328  -0.33371174  -0.21018665  -0.618176  0.23194705  -0.600355  0.70944273  0.29608935  0.23527066  0.6497148  0.57327986  0.0036835037  0.12749445  -1.297397  3.514162  -2.6310358  0.6015539  -0.17044714  -0.57909834  0.06797242  -1.0318136  0.43031272  0.1327515  0.4541173  0.11331468  0.51442355  -0.38884777  -0.08639291  0.61610526  0.12534736  -1.0040214  0.0114645  -0.2894883  -0.20034145  0.6630041  0.42572308  0.32443404
100 14 5
17  18  19  20  21
0
11.348705  -8.235342  7.32942  5.3566074  7.5922804  5.16132  8.068379  3.0747654  -4.5261636  11.674841  4.8035865  4.650976  2.9594915  -8.276827  5.693546  -11.994259  0.29111874  9.295352  6.51949  5.1967163  -0.48729688  10.136319  0.6715053  -2.271081  -2.3762155  4.103965  1.9128357  4.6204515  -3.7699509  3.2868032  5.206986  3.0178213  4.421195  -2.6977062  2.6378996  3.2224236  1.3709226  -4.562252  -4.684646  -5.76249  3.6647525  -6.5115824  -5.4947033  4.0556  0.9619278  5.805837  -5.9980063  -1.1818023  4.1781673  -4.0905943  3.8720303  -5.605711  6.3048143  -0.5579271  5.357257  -1.5638705  9.051093  -4.4101677  3.2119215  1.4462905  1.8522619  3.940475  -4.592009  4.0035315  -7.4932256  0.82825756  -4.69431  -1.7507297  0.5450432  -0.004860239  3.353602  -4.402137  3.6464646  7.998806  -3.2406898  -0.08911808  -3.7125604  16.27225  -8.159545  -6.2865634  5.0867834  5.0841875  -0.82706654  3.5479863  3.9171557  2.1894972  11.253705  -2.2454357  3.5721757  -13.143253  -3.4138198  -3.733458  3.1949184  -6.3660674  -2.9346874  1.1873521  3.5860338  1.3251269  -2.8955333  2.8676276
0
-148.43546  -65.32209  7.9473586  -13.907335  114.5843  63.536064  61.958286  21.038813  -39.31033  32.67636  -54.591377  64.37004  33.247387  -20.374685  42.66167  -52.378754  -20.594463  21.27228  -26.791958  33.149582  -18.842392  0.2473369  -68.63826  39.985237  -12.927365  36.32148  12.030824  68.94414  23.495497  2.9124994  -2.1216764  68.41083  4.908986  9.408572  0.67746097  3.1411166  -3.6991115  0.6361122  9.440907  78.39461  8.150377  -46.11588  -35.439648  9.2886915  -0.39801392  10.44368  10.354521  -0.45289034  48.033405  6.9483747  -9.658462  9.126504  -8.2637415  -54.505913  -24.420341  -4.447011  -1.0709419  -12.430357  -0.65054303  -9.410802  10.870555  -38.74436  -1.4388571  -14.076994  8.862111  0.9504135  34.687466  39.662056  -2.792527  -24.182573  -2.714111  69.02534  -1.8883461  29.647684  -1.0889846  -24.043087  31.468012  -16.418056  27.539867  -13.266277  18.408474  15.843576  -24.750532  -1.6991403  -1.9440622  -17.982227  -8.720738  -4.8670764  -32.400707  5.7904687  -23.217596  -7.526636  -39.375725  5.9538207  33.621967  16.493702  3.134203  -18.592516  -4.1146975  25.648685
0
2.3739648  -7.2755795  2.9482355  5.9926124  -2.385762  6.240449  -7.531392  -3.6454253  1.0662777  0.9614121  -3.5906606  -0.22753264  4.765992  -8.049267  -9.019898  -0.773347  -4.4256186  1.2135043  -5.229288  3.3979967  -3.3630207  5.6822577  -1.6173134  2.4076014  3.7242806  0.4233892  -2.746087  -0.6771921  2.7442365  -0.22834335  2.924314  2.0834644  -4.0465817  3.3739755  -0.77574354  -2.0559733  1.8246652  -6.9813113  0.4787597  -1.6817169  -0.058479562  -2.8709974  -4.2502666  0.09931472  -2.2107742  5.89711  -2.4855719  0.88427055  7.734988  1.7605231  -0.3840673  1.1819696  5.4041495  -3.8531325  -1.1308372  6.899381  2.661156  -1.9265327  2.6130106  -1.5384395  4.41455  -0.6572501  1.3486855  0.43063775  0.12665258  0.97782284  -3.6149716  2.200523  -3.2363837  -3.3473408  -2.234308  -1.9788632  0.8210459  -1.8722212  1.0710288  -4.0999494  0.038553327  4.20599  1.986429  5.0447125  -0.5850894  6.430221  -5.039272  -0.7354533  3.21382  2.576405  -1.1105835  2.2835093  -4.4644055  4.121134  4.373622  5.448117  3.2634  -2.1257122  2.8494687  1.9520446  1.0037453  3.2136567  -0.72763103  2.998295
0
-2.150009  -4.3961415  2.2036328  2.5206666  11.378347  1.65604  2.6579876  4.1651278  -2.6658742  4.2437105  -0.56336695  10.398842  5.2137356  -5.419486  -0.46259117  -4.002621  2.5136206  3.431454  2.409277  3.2443829  0.84524643  4.082734  -3.550373  0.23072192  -1.3859174  1.372629  -1.4255893  -2.5356238  -1.1140888  0.5636381  2.2850506  1.2963858  0.54089665  1.3163545  -2.586921  -0.29110777  0.25706542  -3.8485024  -0.05451459  1.6713032  0.53229433  -1.8303894  -0.41011173  1.3463353  -1.9013317  7.091949  2.9513278  -2.7787828  1.6930132  -2.4348335  0.17452806  -6.3626776  3.0456536  -1.6470677  0.9095854  4.032359  -0.7563658  -3.3989503  1.3043832  -0.831295  2.239204  1.3579912  -0.18263581  2.2630954  1.3502961  1.8953624  0.1475302  0.7958433  2.0335455  -3.1079931  1.2855673  0.22293489  -0.35633442  1.1639376  1.0702548  -0.77193475  0.906565  8.340351  -2.7978642  0.2077523  -1.5858889  -0.62344974  0.7670193  -1.8169152  -0.49652302  -2.533619  0.52995056  -0.041396797  -0.09773598  1.8593475  1.195816  0.9781784  0.27033153  -1.4752755  2.1563706  1.7691115  1.4308869  0.8208573  -0.25932336  0.853132
0
-2.7448723  -2.6599226  3.111308  2.530605  10.215246  1.9721603  2.2477193  3.0770333  -4.0053115  4.3788486  -1.2678155  8.570727  4.8379154  -4.4413185  -0.11174569  -3.8519995  2.65614  3.20804  3.3688745  3.099285  1.3640133  5.322991  -3.4728086  0.142283  -0.5318811  1.5402932  -0.005074717  -0.98703414  0.0026826188  0.37835765  2.3947763  0.8088667  0.7454514  1.0343745  -2.4876356  -1.4885125  0.40259126  -3.8686385  -1.0949805  1.3996276  0.40131235  -1.5296849  -1.5079411  1.1244686  -2.4306495  5.934854  3.0101619  -1.7491585  1.9897292  -1.8535587  1.0016787  -5.8911476  3.1273358  -0.13113123  0.08416842  3.8484652  -0.33164465  -2.7758856  1.0928427  0.00081244484  1.8098307  1.8813765  -0.84618044  1.566021  0.96138316  0.8540797  0.38652042  0.699724  2.0875943  -1.6799943  0.53025675  0.26358527  0.20774963  0.66291714  0.17116691  -0.40746206  -0.025727108  7.307075  -2.8093336  -0.017612204  -0.331679  -0.34355968  0.110862814  -0.7042653  -1.4489274  -1.350731  0.7358546  -0.056506  0.80096877  1.4237263  2.0783238  1.3524934  -0.20570613  -1.9020678  0.83057344  0.7389058  0.73020494  0.6497187  -0.33719787  -0.14742783
0
-0.46223733  0.31086192  4.4695516  2.1045384  8.338122  1.2399023  0.52511495  4.121876  -2.987112  1.2176424  -2.3171458  6.3862314  5.5700107  -3.2842457  -0.29265592  -0.031688187  0.72032684  1.5902956  2.2757661  4.490366  1.0424527  2.4189866  -0.61485654  0.6687827  1.508899  2.1782954  1.3968779  -1.8688698  1.1077762  -0.9682206  1.3149843  -0.9116995  -0.310485  -0.8878654  -1.7710168  -2.0663784  -0.4683915  1.312386  -1.2972089  -0.66470385  1.6460153  -1.0014391  -0.10212986  -0.43418604  -1.3900789  4.848472  2.588237  -2.200759  1.3244853  -1.0028005  2.2986796  -4.216083  2.3208878  2.042814  1.0174268  3.964103  0.51637185  0.8180573  -0.07501541  0.565467  -0.26940417  1.4398165  -0.48114154  0.37820008  0.9235719  -0.5929235  -0.3534006  0.9335268  -1.811884  -0.69635594  1.3710063  -0.2703896  0.27096117  -0.7297743  -0.42734966  0.030915825  -1.6016071  4.157913  -4.6351595  -1.7516867  -0.26111436  -0.52029  0.088504516  0.24372523  -1.6563251  0.029729763  1.5763965  0.11646864  -1.0373052  1.6860127  -0.7435718  3.3137527  0.76407313  -1.1899155  0.7562621  -1.2852374  0.3328409  0.87226623  0.49971125  0.74326867
0
-0.01793771  0.7852123  3.796245  0.24549225  5.284963  -0.5615498  0.60170484  3.5722477  -0.17912637  3.3899064  -0.90677184  7.045078  6.4901013  -0.8550865  -0.7221042  -0.9084701  0.22053836  1.7088685  2.765322  3.2324572  1.101004  3.026058  -0.553024  -0.31013694  1.4649947  1.1784192  -0.4361131  -2.1684973  0.88763225  -0.61493117  1.1965634  -1.0314064  0.860834  1.103283  -0.02079662  -0.62904763  -1.7126092  -0.39462167  -0.115805656  -1.0018244  2.0378582  -1.2262822  2.0253088  -0.92036116  -2.2381697  4.4654365  -1.1425017  -2.1271355  -0.6324047  -2.9247763  1.1863389  -2.7300856  2.077994  1.4113936  1.1852626  2.6690028  1.463023  -0.61156094  0.65855974  0.67807454  -0.6597417  1.340556  -0.5055664  0.65100783  -0.64034414  -0.75048155  0.6407104  0.852704  -0.9555114  -0.3113327  1.2118458  1.3461474  0.5822564  0.82271105  -0.7039487  -1.2072157  -0.6076121  5.520491  -6.510545  2.5351996  -0.019414345  0.590096  -0.28517348  -1.333439  -0.0012667628  0.45266828  -0.561428  -0.6369889  1.0690767  0.25806463  -2.4911878  -0.6831942  -0.55005807  0.7890399  0.38402683  0.7248715  0.026321795  1.3501047  0.59010196  0.21393564
0
-34.167297  -30.94215  20.795063  23.10346  23.433174  -7.9854517  2.0041733  1.4212717  -7.0344105  12.189864  -16.545227  40.96363  2.1347418  -24.166492  -26.535591  -19.73476  2.9130383  -6.31518  -23.946384  -9.368668  -17.798784  10.836723  -11.976536  5.912482  -10.304168  35.386063  12.7860365  8.547307  13.713428  8.919236  14.011124  30.330421  19.99504  13.764975  -8.6897335  -17.665361  4.686323  24.213394  14.860342  7.091103  -2.5683856  16.726776  4.4617386  18.048775  -6.3986416  23.218662  11.163053  0.8609014  6.2064314  12.032388  2.202192  7.399511  14.76705  -23.15192  -4.5058722  23.093744  -3.7761467  -8.529843  5.1154313  -7.5881357  13.886268  7.545722  -4.1906104  -1.2404335  0.4182992  -15.40851  2.071127  1.575029  -1.7612967  -9.453585  -9.179011  -4.9299526  -12.11856  -7.4651713  14.096001  -1.4398934  30.393423  2.9735546  10.298987  -3.235228  9.762956  31.704855  -5.5844274  -10.27155  -11.984063  13.528348  -9.704647  20.301317  -11.014208  8.137942  -9.332092  14.194992  0.860256  1.890874  13.083361  0.64360493  -28.410955  -24.471344  -1.5884509  -13.796256
0
-7.6607976  -4.1691875  -0.8393917  -0.2671067  14.342731  1.4809208  6.106672  3.0764961  -3.7745826  2.478259  -5.473327  10.668786  1.1561079  -5.488285  -2.9066696  -7.703499  7.4780526  3.8148663  1.8604699  3.2535856  1.0533162  8.519392  -5.4263406  4.458576  -2.8246682  3.264123  2.1990974  -0.26999474  1.6465328  -1.7842016  0.30763137  5.492831  -0.69052845  -0.27674708  -2.216567  -2.6187592  -0.24419692  -2.5056396  -0.70338184  5.7101784  -0.6347015  -6.8966804  -6.70055  1.2250845  -1.85069  5.743749  3.5891924  -1.9853574  2.517504  -1.4419382  1.5590492  -4.4878755  4.366784  -1.8847526  2.2142687  3.8267577  -0.5881287  -3.9479566  -0.13242285  -0.8785136  3.907712  1.5429888  -2.9478867  2.2214606  -0.36944976  2.1675353  5.844108  2.5366104  3.8703322  0.18040118  -1.2975302  -1.0838077  1.2962971  -0.032109745  3.335584  -0.590897  3.1851072  6.8580165  0.9305912  0.2658874  2.0765328  3.7332106  1.20298  -1.1208932  -1.0252707  -1.8023758  0.24404332  0.35141742  -1.2611603  -1.8052106  1.5147759  3.2114325  -0.72167766  -1.6966633  0.08300963  1.916937  2.1911378  0.39687192  0.21544509  -2.829273
0
-2.3085678  3.2975268  1.470562  2.4394126  5.185491  2.517788  -0.34909144  1.3688003  -0.34784457  2.5515172  -3.729564  4.44531  2.6540926  -2.8038895  2.0315676  0.6137491  0.5396903  3.851582  3.667951  2.840092  0.9682361  2.9697177  -1.624099  -1.832607  1.9072526  0.9929894  -0.9231452  -1.4839532  -0.5057521  -0.71757394  0.5962889  1.3020525  2.1060255  0.10059052  0.71962905  -1.1376618  1.434935  1.0003327  -3.6985633  -1.0553284  -0.13589178  -0.17542192  -0.67501014  1.3400434  -3.3432667  4.5536027  1.7740242  -1.4996288  0.021944446  -1.3047804  -0.5659256  -1.0663155  2.5517297  0.68213737  2.1741397  2.48836  -0.97846997  -2.0315416  -0.2771186  -2.8575895  -1.6567819  -0.16437022  0.30940056  0.06850586  -2.3572214  -0.084301814  0.6944358  -0.2542884  -1.3502759  0.33018264  -0.24782689  1.7221781  -0.3642789  1.2329462  -2.0517113  0.9244815  -0.33763734  4.4495277  -1.7314203  0.27884552  0.09298524  -0.744545  0.875984  0.6101196  -0.5151568  1.0215994  2.3887897  -2.1549075  0.27473736  2.829168  -1.314294  2.9620173  3.517699  -0.3884921  2.8403738  0.525513  0.65498996  0.6192528  -0.24452096  0.63089776
0
4.675919  -9.80598  2.0983877  -3.2322845  5.6090636  -4.8434663  -7.7131968  -3.4697046  -5.015633  0.7275851  -2.0033917  -0.51293564  -4.641635  -2.9331205  -2.900557  -5.682218  -3.8260126  -2.5896113  -0.23961201  -0.96702224  -4.917983  9.290406  6.582407  4.170739  4.7992806  10.655521  -7.673359  -3.4997087  4.9137015  3.0002625  -2.3983123  -0.40857404  -9.102482  3.0907395  -0.41335326  -11.716797  -1.7920773  2.5794158  0.054943766  0.30521488  5.7173343  -6.322569  -3.7528958  0.58727276  -3.0096257  10.652442  4.886166  -3.5006092  8.53466  1.2700949  0.9811574  -0.74153805  7.384565  -4.353701  -2.0743303  8.104795  -1.2973063  3.571577  1.727327  -3.849107  6.5063777  -0.3745045  -0.092091575  -3.7839155  0.859893  1.9099128  -0.36437702  -0.49919483  -0.057387084  2.7357156  -1.8053079  -4.5747814  -0.022397995  0.60861266  -3.0475996  -4.520065  8.682048  6.3137536  1.2579697  3.1166012  5.7855377  1.1818708  -5.3220625  2.1099174  -2.4706707  2.3402078  1.5206058  3.6430304  -2.587819  5.5182104  -0.78841424  8.321314  -4.5953984  -2.1699696  3.9121692  7.004247  8.755669  3.5571775  -1.6893433  0.7458841
0
5.75374  -5.8213787  2.4426212  11.512563  1.6172901  -4.0521507  1.3827602  -6.4430637  0.48670742  -6.9798627  6.314832  6.874756  -0.754563  2.8198454  -7.141675  -4.564311  -4.7644653  2.2298152  1.1712006  -0.36386168  -5.141781  9.037305  -9.164527  -5.447595  6.506892  4.412396  -11.944662  0.64835984  -0.51041204  -5.525836  -0.27774304  8.874169  4.9909697  -0.62602365  -7.781659  5.42921  -2.6700492  -1.6662706  -3.393128  0.4966186  10.08628  2.3849897  -2.6016064  -3.1932104  -1.4214576  14.8310795  -5.460054  4.0124826  9.71598  7.6320043  1.6330655  -4.7349024  -4.4433055  -0.91684693  -4.7238083  0.0290244  3.5727801  8.101687  6.7431993  -6.770052  6.10284  -0.037697695  1.8369046  -10.306103  2.1482685  0.69573903  -10.610836  -4.7605944  -2.8202257  -6.764864  1.6233182  -8.702552  -2.9751754  3.984191  -7.6234956  0.10686976  11.026865  7.616006  -6.3280625  -1.6361898  -3.656185  -0.007393077  7.163911  -5.4370184  -1.114828  0.4831664  -0.53597975  6.5671296  -7.286068  -5.6667233  -2.6519728  10.248391  -4.266532  3.004302  3.7766175  -5.7202225  3.320623  6.052733  -3.361704  -2.2081802
0
-35.495228  -17.01922  -17.430693  -10.554732  42.314816  -1.7595035  28.794903  1.7849541  -12.957221  6.2308164  -24.10275  31.554764  -12.536257  -14.2019415  -9.271039  -35.88221  33.3622  8.649204  -1.0204532  3.6757898  1.2277349  26.637754  -30.311155  18.18221  -13.974285  9.909064  9.566436  2.8092752  8.788521  -9.430621  -9.100784  26.057848  -3.2413003  1.9509612  -8.97229  -9.02316  0.35591826  -15.467142  -4.2691226  30.937698  -10.946487  -32.24429  -34.12083  7.6213646  -5.8414063  10.767075  7.269412  5.120999  13.325425  1.0294079  -0.70685023  1.3484424  5.8076982  -11.757328  -6.2920694  9.262496  4.6818895  -10.721686  -4.0544133  -2.4761677  10.936932  0.7910625  -7.5840526  5.302132  0.23204151  9.5881195  26.556313  16.670757  18.613764  3.1943774  -9.574179  -4.460152  -3.5268712  -5.8019485  15.72436  -1.9421042  18.527115  15.275342  13.880312  -2.3995392  11.863591  18.675524  6.8960743  -1.2502269  -8.954006  -8.681249  -1.7612333  2.312308  -8.767127  -3.0650773  8.518024  7.074848  -5.852524  -2.4858983  4.316628  9.996228  8.860801  -3.3158994  1.4555687  -10.713051
0
-35.19009  -16.811668  -17.454803  -10.523703  42.407898  -1.6910017  28.986412  1.5950363  -12.932031  6.235008  -24.271263  31.165419  -12.689252  -14.3705845  -9.200095  -35.906364  33.547295  8.641551  -1.0741954  3.369633  1.1002581  26.59808  -30.549826  18.10474  -13.922094  9.757708  9.743594  2.9272928  8.802887  -9.51394  -9.2199135  25.988935  -3.1181176  1.92666  -9.139851  -8.988417  0.5200921  -15.551434  -4.336924  30.860657  -11.082748  -32.25965  -34.28029  7.744125  -5.9569  10.65493  7.3115606  5.216234  13.397794  1.1909196  -0.58432263  1.8672994  5.4996843  -11.598127  -6.6555223  9.4799385  4.7389193  -10.697842  -4.2140326  -2.3719566  10.959851  0.8511  -7.456769  5.3390923  0.10025129  9.594664  26.533325  16.755098  18.581057  3.4272068  -9.576522  -4.3986163  -3.5376012  -6.0733905  15.682518  -2.0456183  18.546684  15.493328  14.00464  -2.4635718  11.794978  18.695196  6.8473754  -1.1357409  -9.136659  -8.574534  -1.5544715  2.1876485  -8.762137  -2.8225536  8.442302  7.0999217  -5.847201  -2.223761  4.4907784  10.047477  8.687855  -3.3529363  1.4408201  -10.705403
100 1 1
22
0
-0.91897506  -3.651269  -1.0649222  0.3345609  3.7349923  -2.1023974  0.63346285  -0.039797716  -0.46219364  2.8892436  0.25027102  1.8949356  0.9661698  -2.4362335  -0.8762354  -1.1952386  -0.9698698  0.36113685  -0.36115235  -0.5351068  -0.62779623  -0.2235064  -1.4318827  0.7412758  -3.2722282  1.792282  2.287854  -1.9099107  1.5814037  0.66050917  0.4530163  1.170745  2.294918  1.5807962  0.29063994  0.2354772  -0.030268565  0.66090447  -0.39795676  0.73926425  0.112744294  0.29845268  -0.77933437  -0.7680683  -0.6757691  2.6909552  1.1305891  -1.5646955  1.5339516  0.59871566  0.73486185  -1.5720992  1.3778538  -0.9539022  0.28635266  1.4544017  0.06778757  -1.4220273  0.68721247  -1.5579923  1.0263127  0.7535503  -0.40137333  0.56824934  -0.37701535  -0.64577395  0.76700085  -0.42624637  0.2340486  -0.5578096  -0.29075658  -0.14776202  -0.21302313  0.77993  0.1655248  -0.016078532  0.84200084  2.646436  0.14047144  -0.039571285  0.07268952  0.19163413  -0.53196615  -0.63076293  0.18936998  -0.13021332  0.33845693  0.8549745  -0.6198189  -0.65407044  -0.6850481  0.26436713  -0.12517785  -0.72314906  1.0820298  -1.0312843  1.0721526  -0.028628767  0.2104583  0.8243896
100 1 2
2  3
0
-8.643989  -9.640346  -3.1557133  0.37762308  9.185164  -9.138835  3.7965174  -7.3412175  -1.9447966  8.721444  -3.831379  6.3025146  3.262921  -10.392274  -7.6801543  -3.277183  0.0068350825  2.37754  -5.6045094  -8.346374  -1.7028407  -2.8645282  -2.3064053  3.0906405  -6.0681167  6.3868327  9.089513  -10.140609  6.4902673  3.9984782  -1.3330319  8.750483  9.294455  6.9146132  -1.5011141  2.0140326  1.5100945  1.8954512  -0.8612384  2.460381  0.22937974  3.8728676  -4.466351  -4.174183  -2.2625687  6.0582156  3.3934019  -3.3157902  5.3284316  3.1678588  1.3789983  -2.1203463  3.4008627  -4.0058565  -0.38584352  3.4283614  1.4674047  -4.0828595  1.410527  -3.512131  4.4839454  2.12043  -1.6635828  3.7783725  -1.8220706  -2.2399812  0.440235  -0.31082222  0.09596771  -0.11061154  -1.0491012  -1.7230929  -1.0369381  0.5233445  0.28904054  0.25593743  3.0821238  7.5140843  0.01943262  -0.8503523  1.9638516  -1.1090883  2.8693433  1.5863757  -0.710943  -2.157621  4.0823402  2.4531648  -1.8133266  -2.0567474  -3.1478162  -0.3866741  -0.09014324  -3.0771358  2.6925316  -0.5650499  -1.5204093  0.55806375  -2.224629  1.0991844
