10 8 100
100 11 1
0
0
-84.915504  -63.612362  69.3231  15.972489  93.772285  24.84848  32.494244  8.965392  1.8598237  32.233807  19.670967  42.289425  3.8692656  -15.988  -21.07913  -28.364374  9.430876  23.699165  -1.6846755  11.276199  -18.508621  -26.028793  -48.400436  19.02835  -8.392309  46.3829  3.7304165  -18.815931  -13.266426  51.295597  10.358463  52.77068  9.776281  -17.92237  -23.107258  -18.584692  8.44933  0.4687437  -6.569532  31.455492  11.265622  6.702365  -12.595385  18.381304  16.706528  -5.4196806  15.345401  14.004775  22.543255  23.222212  -9.686565  20.160822  11.422711  -37.498913  -27.437946  9.9086685  9.270064  -1.629612  2.2457535  -5.2085414  20.765514  -15.898058  -16.32512  -12.587231  -0.23998709  7.9108152  17.425806  -12.65192  -17.347303  4.947709  3.621083  -0.54097414  -25.36011  15.762879  8.21057  -3.796552  58.37329  -9.840244  22.838095  -9.418438  1.4847974  20.117563  -8.177818  -25.760883  -17.47059  -29.015417  -10.551871  3.435837  6.2531996  0.4119163  -2.4337726  8.609136  -14.989944  -22.352499  25.946606  -14.878318  -4.745498  -3.8794217  2.977513  4.8510833
0
-2.5628018  3.206015  2.5897112  2.0643466  7.512319  1.5868775  1.3177947  0.5850726  -0.96811646  0.4881418  -0.9610709  4.742618  6.220583  -0.458914  -0.8855816  -2.8907533  2.7992504  0.7367606  1.1252831  -0.063929416  -0.8487702  4.284233  -3.5082514  0.3379426  2.0250893  -0.2759162  0.41744483  -2.4923725  -0.10657029  -3.301507  -1.2871071  0.6321847  2.3104765  -0.27917054  -2.5187895  -2.4988248  -1.7161487  1.2365388  1.2162198  -0.046940513  2.331265  -3.0484934  -0.75301117  -3.6523585  0.85170096  2.0199633  2.6818757  -2.6107795  -0.5959606  -3.3643243  0.46237645  -1.7184488  4.7496996  -3.3041294  3.1143367  3.1048374  -2.2382817  -0.41536683  -0.049738493  -1.2257624  2.2213597  2.1155841  -8.352615  4.3054414  0.99164134  -0.12840386  -3.8037243  3.2898922  1.3887849  1.3556991  3.8833437  0.49402475  -2.4013736  -0.51931363  -1.5967883  -1.472772  1.079969  2.4168274  -4.9013424  3.3651047  -1.2835261  -0.25386956  0.21396841  -1.3908823  1.5411267  1.3204811  1.5142092  2.1262383  -0.16686024  -1.2634645  0.43414763  1.3242763  -1.6160096  1.3696473  -2.9081085  -1.0513133  -0.64897907  -1.091247  0.9189411  1.8755071
0
-1.3398114  -1.3078946  4.20268  2.4799395  6.978771  1.1397501  -0.049630873  2.3236332  -3.3001308  3.3976893  -0.7015472  5.261916  4.644341  -2.8715203  0.31659725  -1.6496475  0.38271925  3.6441035  2.5514326  2.777028  1.225204  4.1274767  -0.92652065  -0.44657385  1.2321992  1.0121822  0.30718803  -1.1403122  0.07631193  0.13799386  2.182792  -0.9782118  0.81162673  0.4430822  -1.1792451  -0.81849843  -0.56360495  0.33703125  -0.65935075  -2.2588356  0.85158384  -1.0332946  0.40130526  -0.42534554  -0.7177065  2.9818108  0.48883942  -1.6783088  0.71085846  -0.63340694  1.204573  -3.3600876  2.812254  0.74694395  1.9411886  2.5183606  0.55685383  -0.06045893  -0.19335751  -0.28916973  0.72829926  0.8717959  -0.930891  1.27727  -1.2187387  0.31584918  -0.58208096  0.49538365  -1.5554521  0.18187127  1.131068  1.2367718  0.45389158  0.8939434  -1.200825  -0.7808782  -1.8142792  5.7555466  -4.1192765  -1.0633131  -0.18616472  -1.3446051  0.103545815  -0.97126764  0.32806313  0.1806769  1.3968952  0.11445767  0.71336466  0.034364462  0.14184636  -0.09872936  0.20498958  -0.124747  0.4427625  0.33309197  0.18997616  0.8620087  0.09033503  0.53912175
0
-5.7815475  -1.9966274  1.9418004  0.4756951  9.968807  -0.13077843  3.1418316  2.8294945  -4.58313  2.631635  -5.3465185  8.794993  3.3653505  -3.8617017  0.046530247  -4.535268  3.41143  2.434724  2.3143525  2.9077878  1.3630732  4.776499  -4.050024  2.0619724  -0.696683  3.0147512  -1.0018054  -1.5631663  -0.24511692  -1.1915224  -0.7524742  1.50256  0.09970039  0.69529504  -1.814946  -1.5127343  -1.162111  -2.1643372  -0.5252874  2.8626285  0.08817151  -4.6805534  -3.5212083  0.98218596  -1.0403776  4.094567  0.73152685  -1.5539304  3.4967616  -0.6580704  1.1008337  -1.9076542  3.9770958  -1.8239577  -0.46427223  3.0378067  1.4821323  -1.6154011  0.60282487  -0.9024516  2.1918592  1.7901092  -1.3825159  0.06002178  0.71003556  1.0344425  2.1706038  2.2547252  1.1425749  1.5071962  0.37324363  0.49604782  -1.2136492  -0.19014534  2.0043287  -0.30221814  0.555169  6.378334  -2.1214495  0.83035237  0.4906228  1.4553267  2.0683248  -1.2922846  -0.9711518  -0.14258923  0.0053993077  1.2487997  -0.95595926  0.059408173  0.3908929  1.1627246  -0.21081519  0.38492244  0.47185823  2.1235557  1.125968  0.18653879  0.15967591  -1.5222281
0
-14.461872  -10.411673  1.3239287  1.425997  0.5138262  5.3975277  -3.4922955  1.3434433  -0.50225765  -0.95304114  3.6074061  5.190307  4.2638535  0.35865462  -2.0157819  -4.1878705  -1.6492941  -2.2766728  2.0162795  0.31640792  8.793504  5.5718365  0.8675931  6.361147  10.286838  2.261189  -1.5140643  -5.2509875  1.0529888  0.72250485  3.6829097  -7.664154  0.52762586  3.7070158  -0.6010082  -0.17832752  -5.635782  -0.3193502  -1.2191397  -1.660907  1.9125267  -1.8584462  3.0570867  1.731335  0.89449555  3.6281717  2.2457895  -3.97508  1.4741143  -1.5373008  0.6891177  -5.224304  3.0108051  1.0829984  -2.0284379  2.9840682  2.0586798  -0.74957126  -0.36957183  -2.3667765  1.7882379  3.3604827  0.9510543  4.503457  -0.87314475  0.262792  -5.7596498  2.3562522  -3.721725  -4.3889527  -0.21190369  2.5581796  -2.1090708  1.0742925  -1.2956626  -1.2121198  3.8735666  1.9263844  -0.030217743  -1.9336972  -1.4344422  -4.327548  1.8151685  3.2776833  0.08426839  1.554608  0.84355223  -1.1759474  -1.4081259  -5.0686336  0.8228371  0.6919846  -1.1807332  -4.1887655  4.771162  0.7813535  -2.8079484  1.7264328  0.61311424  -0.07383628
0
-0.18327089  3.5338702  0.32806504  -0.92564976  3.7706618  0.73634785  -0.5030007  4.3161397  -1.2139556  1.8398492  -2.0409253  3.1988218  3.1887114  -1.3694568  -0.3699454  0.7723768  -0.26953655  -1.4432915  3.8162756  0.76431  0.58753484  0.63256603  0.96343035  0.39315003  -1.0909873  2.1540427  0.37207308  -0.075650506  -1.2943424  -0.22176762  -0.032457698  -1.0679125  -1.387858  1.5636673  -0.69574505  -0.48738483  -1.1284513  1.02496  0.3813178  -1.5719898  1.3822792  2.2167118  1.1832902  -1.2573766  -2.2776449  1.501287  -0.01940548  -1.5234351  0.93373686  -2.227489  -1.0401314  -2.485888  4.2846684  -0.13050057  0.50987595  2.7462656  -0.21757667  -2.0725813  4.4782944  3.4061437  0.96891403  0.105907194  0.40529388  0.22220154  0.09260754  -0.056279425  0.80642253  1.9213794  -0.7128715  -0.3614614  1.9043422  1.0207776  2.0742626  -1.875663  -0.08151905  -0.08247994  -1.0029439  6.032519  -3.3132257  1.6382611  -0.21347213  -0.49425304  0.750959  -0.27051267  -0.5261876  0.5228348  1.5941263  1.8914317  -0.6170452  2.2972443  0.31765607  2.604261  -0.45284706  1.320759  -0.16617222  0.7750865  -0.6852388  1.7899482  -0.17879118  1.3045657
0
-74.91236  -74.32857  23.75044  8.010569  101.55259  34.800735  3.4391513  0.55534154  -27.427223  19.071466  9.363118  20.085619  2.5957203  -23.711733  -9.585533  7.924806  26.22698  24.062574  3.5505364  19.077322  11.312127  24.376465  -36.158813  9.650024  -14.847687  35.300255  -16.658213  -34.070965  -51.811855  48.673607  14.899976  54.319847  -4.676412  -17.699741  -30.428959  -26.00232  16.59136  30.221905  -27.68547  28.953579  6.3344107  -6.567452  13.906606  16.1933  -7.684498  -8.501149  40.32495  8.328767  13.4606085  33.284023  9.643484  -10.541441  5.302424  -32.035645  -58.084965  -5.311223  15.175137  -8.3155985  4.374997  1.8397206  21.335058  -21.542603  -44.378307  -28.983187  -17.798615  21.054214  7.074705  1.5901179  -12.655961  7.1255355  16.781235  31.890217  -46.157772  -15.984866  6.181824  -13.183777  35.544746  -15.462532  -1.3790294  12.733647  -11.344228  27.575737  -1.0918158  -3.3736308  -10.21814  -0.94957846  -0.69535047  26.4072  -29.163883  21.810074  7.993605  21.700392  -15.628077  12.086744  19.947617  -10.934601  9.043837  -2.155287  9.429738  0.027123645
0
-103.86479  -71.212585  24.513346  16.603842  76.944725  30.8057  22.212246  0.2575368  -30.876953  28.969057  -5.1472826  45.797443  4.1648936  -48.701633  -19.527529  -14.269939  -0.94828266  11.837585  -5.9541073  29.654186  -17.775238  -10.026675  -26.268154  30.698973  -21.261024  37.705074  19.437654  -6.6929626  5.8342133  34.304337  3.48862  41.82466  9.896856  15.369723  -22.738852  -10.778507  -3.045227  12.655324  0.19681054  46.939377  1.5362585  -17.145924  -17.308867  12.093045  1.0182382  1.4112893  30.511932  8.313468  31.013716  20.114067  -6.422144  5.73303  -8.26913  -41.100784  -29.924515  6.631899  7.872094  -7.483407  6.671942  -8.280848  16.715849  -9.442931  -14.747522  -12.608805  -1.9753032  17.195768  19.003767  5.8607917  -11.64048  -7.0649533  35.17861  -0.74588513  -20.36092  0.30564076  2.8827026  -2.77514  30.77528  -8.563271  21.19365  -2.2445915  8.025208  0.421409  -5.28045  -6.924201  -12.8203125  -5.95595  1.629848  4.999805  -21.241772  1.0789645  4.149237  13.81807  -5.581771  9.959918  17.12776  -3.490808  1.980826  -3.550697  -11.478736  -12.064497
0
-4.9761014  -0.873644  1.5042123  0.21684763  10.645895  -0.11959201  3.893507  3.7299244  -4.188133  2.2470129  -5.9423933  8.689398  4.1824193  -2.2059274  -1.5953615  -2.6027124  3.688432  2.783722  -0.34289694  4.571061  0.8861404  4.887752  -2.3412452  1.3912977  0.1706929  2.4140315  0.23607461  -1.2135348  1.7258813  -1.8017645  -0.7538828  0.49286428  0.8586534  1.7446744  -3.795948  0.32322323  -1.6227288  -1.6491889  -1.2905813  0.9240217  -0.35648248  -4.003725  -0.67606854  2.469662  -0.47548094  6.9235234  -0.042631324  -1.4681675  1.8178221  -0.57297957  0.2904403  -2.7255294  3.6567333  1.7757844  -0.4704537  2.945942  0.8735765  -0.35995927  -1.2029879  -0.48365593  0.16682975  1.7524086  -1.680254  1.9602498  1.3629405  -0.5318179  2.3657074  1.9436035  0.14845589  -0.38664088  0.7961107  0.25586796  1.8193704  -0.11091241  2.2655694  -0.3434092  -0.25000376  7.720894  -3.4266965  2.0371466  0.869468  1.1138457  1.1047066  -2.5086362  -1.2801069  -1.0654414  -1.9022502  -0.8494603  0.44227064  1.3080912  0.5656716  1.4701728  -2.3995779  -0.052447863  1.5619738  -0.054772343  1.3926529  1.9476031  0.38078332  0.21205403
0
-38.91724  -18.650126  -19.519184  -11.991269  45.69296  -2.2160134  31.509377  1.2282283  -14.107284  6.670626  -26.602715  33.692974  -14.197945  -15.24652  -9.702492  -39.48045  36.376472  9.1441965  -1.2500702  3.4019544  1.0341061  28.920498  -33.66199  19.627096  -15.144515  10.6225195  10.423326  3.4097931  9.57784  -10.54444  -10.215531  28.363914  -3.5087898  2.3584023  -9.976427  -9.648974  0.7918229  -17.359322  -4.649038  33.827072  -12.29253  -35.27339  -37.501842  8.584579  -6.3965797  11.169413  7.621436  6.400479  14.74849  1.56279  -0.7089619  2.5208728  5.770808  -13.1037035  -7.8426585  10.10416  5.668501  -11.131832  -4.5173216  -2.660264  11.673499  0.9336042  -7.89229  5.619253  0.026597634  10.496104  28.871473  18.578007  20.208126  3.8061757  -10.5608015  -4.70946  -4.2975326  -6.695651  17.007322  -2.171161  20.111391  16.065  15.528862  -2.9495711  13.00691  20.508638  7.7023997  -1.1420695  -10.000853  -9.368977  -1.8201734  2.6293547  -9.847857  -2.9244072  9.544199  7.2799535  -6.2843304  -2.2125432  4.944172  11.1111555  9.548261  -3.628289  1.5815942  -11.41655
0
-37.86337  -19.670856  -20.070549  -12.333821  45.414253  -1.8326924  31.538683  1.0729355  -14.382633  6.9382863  -25.921867  33.634045  -14.568769  -14.909098  -9.53811  -38.860687  36.66009  8.510498  -1.6606177  3.1537437  1.2347124  28.47892  -33.20581  19.615404  -14.820289  10.555961  10.229518  3.688287  9.482298  -10.345267  -10.538892  27.943096  -3.658101  1.9740958  -9.367388  -9.631498  0.6167809  -17.008139  -5.1919236  34.17445  -12.482123  -35.37106  -37.482376  8.674896  -6.2804437  11.304088  8.057018  6.336127  15.628033  1.8944235  -0.8651692  2.4899359  5.375621  -13.586432  -8.210516  10.030304  5.787129  -11.110069  -4.230392  -3.2787352  12.456181  0.95027757  -8.3749485  5.3196573  0.3251143  10.655205  28.984613  18.506905  20.540941  3.7954388  -10.571318  -5.029411  -4.733193  -6.0736933  16.934738  -1.9197038  20.706171  16.282984  16.065495  -2.5221493  13.006069  21.010902  7.620784  -1.242821  -9.846044  -9.633511  -2.3846068  2.6301303  -9.666291  -3.1282754  9.628092  7.223413  -6.650169  -2.2911985  5.3722386  11.314567  9.493411  -3.627056  1.4853398  -11.701699
100 1 1
1
0
0.051886827  0.4032991  1.5114508  0.12899208  2.8843048  0.21421081  0.60761964  2.1558838  -1.1842993  0.97257113  -0.71207047  2.4774666  2.5177786  -0.181009  0.3638098  -0.31168345  -0.31228685  0.7836463  1.0806865  1.33515  0.6302314  1.3774145  -0.28423905  0.39192247  0.83353835  0.584193  0.6021814  -1.0111287  0.1298258  -0.10553507  0.37231326  -0.39067546  0.9402133  0.20685264  -0.32453334  -0.9097964  -0.3992038  0.55459815  0.64139104  -0.10845045  1.0780411  -0.5576267  0.42116034  -0.98435456  -0.025938626  1.629496  0.44842124  -1.2894677  -0.14476559  -0.6742645  0.6199783  -1.488958  2.4963684  -0.40713972  1.8968419  1.5197337  -0.28820682  -0.41492134  0.39732125  -0.017956667  0.05845756  0.42587024  -0.9797021  1.4459859  0.6001554  -0.14894032  -0.46312186  0.048361655  0.33963802  -0.17054218  1.0537639  0.5849995  0.8870799  0.22701685  -0.2173404  -0.6951678  0.23392889  1.7422884  -1.8997233  1.0546267  -0.17498836  -0.35025218  0.40604174  -0.30852762  0.50671226  0.39347556  0.9068751  0.12126728  -0.017276403  -0.09832966  -0.78010917  1.1736784  -1.5897377  -0.033960607  -0.4682212  -0.14498155  0.29562056  0.011194624  0.18329002  -0.22379787
100 3 1
2
0
-7.9405646  -3.980408  -4.185977  7.3545947  4.201706  -17.033043  -0.52824485  -10.07254  -8.080021  -6.8636394  -5.258863  19.219797  4.046077  -2.8907082  -2.2675207  -8.679017  -8.580062  5.269905  -2.924734  -1.753865  -11.765343  15.913292  -5.955072  -3.6900992  14.566442  3.620778  -7.980548  2.2832832  -10.187351  5.677376  1.4185045  5.759735  2.1856215  0.9951646  1.005986  -9.958048  -5.721761  -1.6909356  0.85513544  2.730488  -1.6628499  -3.0513074  -7.0770288  -6.300677  -4.0390496  14.601326  10.965802  -7.4467983  2.0435317  -0.4362148  5.2645802  0.40024906  4.7614145  -1.8582228  -2.7388291  13.395913  -5.6956997  -4.1417203  3.3576143  -7.670845  6.10455  3.0118654  -1.49313  -1.245353  0.30355427  -4.1888666  -3.6365447  3.4006028  -2.9188888  0.33366907  1.9942496  1.2261918  2.5370107  -7.2698865  2.477282  -7.9732714  13.12528  7.954807  1.1733453  -1.7426575  4.296132  -2.0360544  1.4014107  -6.083242  1.553435  3.1549308  -2.9437966  0.20370954  -4.314157  9.76466  -2.3383539  13.667142  -0.11689744  -0.043296896  2.6611023  2.9375813  -3.529082  -9.4707155  -4.8848844  -6.33379
0
2.6249022  3.740735  7.871616  6.4006357  14.432246  3.1774049  2.0830758  5.710507  -5.154863  8.486365  -2.6053643  9.650936  8.759751  -2.2785432  0.6259001  -5.5741315  4.616181  3.8325725  6.1782827  6.1889496  0.28444555  6.35823  -0.9644031  1.1299053  -1.8497736  2.7027063  3.7271733  0.8941964  3.2690105  1.5889041  2.6897516  3.2132566  -0.8263643  -2.3835397  -6.8947783  -4.6693845  3.0744772  2.6708834  1.3468698  -1.3008227  5.375811  -3.2453997  4.3965616  1.5850315  -5.4598503  5.30108  2.197853  -3.2707622  1.8509748  -1.6191756  0.64896363  -3.9463296  4.938826  1.6812333  5.09861  5.796277  -0.4403233  -5.161138  3.4588153  -5.340308  2.5584128  3.159593  -3.6519988  4.4041467  -0.060852166  2.235712  0.06253727  2.4610279  -1.7450445  -2.2534273  6.4440103  1.8879658  4.8588085  -1.2476288  0.7405058  0.32043448  -0.8395953  8.557459  -2.0006032  -2.3640318  0.21985473  1.086247  1.7400273  -2.308562  0.72131354  1.9126781  2.7017813  1.3452531  -2.1647542  -0.8726419  -7.135379  2.1931884  -0.32283252  3.5648363  -2.1659  -0.7726412  -0.590831  3.2472794  2.4064062  0.15831497
0
-78.457184  -62.22684  23.50756  17.957312  13.746637  -1.7220863  -5.15738  -5.5802684  -12.757875  3.3843997  -19.17184  38.864098  -14.976001  3.833027  -11.8845  -3.263092  -8.771081  2.425859  -3.2053874  -4.6140957  -17.222301  6.184372  -35.051945  7.6943994  -17.146112  24.462124  25.460802  -14.382457  20.955845  8.204702  -19.568653  5.5738916  9.733496  16.199423  2.3984334  2.6595743  0.7783134  5.811974  12.013942  26.533695  5.2703385  -8.244327  -18.91505  10.345423  1.6470643  3.1892376  -1.9288304  0.5976916  20.041967  8.282794  -5.250297  8.523082  -13.454982  -7.8893657  -15.780835  -2.284209  -1.3190757  3.2950823  6.6231723  -8.852142  21.058287  -7.1848516  -16.557116  -2.150618  0.5309739  -11.5168495  3.629368  8.05198  -3.7224536  10.63862  -14.347459  1.9591571  -5.8696227  13.058289  -4.941131  2.2200742  14.607239  -5.3093  8.823067  -3.3535173  5.4408865  -19.155676  -6.712019  -1.0883852  -7.850352  -6.8970814  -16.468151  0.82065475  4.4113913  -5.5350165  -6.5866604  -14.589048  -25.243185  -14.524581  1.6391901  -9.07332  2.4762702  -13.496663  16.990088  0.93337303
100 3 1
3
0
-0.49010226  -8.847047  -1.6984794  7.0241046  0.13285573  -14.078692  5.7774463  -10.923082  8.65473  1.9971676  -7.7017474  13.344133  12.676356  -4.229855  -6.0400763  -2.1042216  -6.3824406  5.8924646  -1.3044074  -4.548011  -1.5674229  6.264785  -7.7588763  7.839941  0.8777329  5.107656  1.3120787  -3.464494  1.8580624  -0.15834627  -0.5105168  9.431605  -3.6133168  3.3924928  0.58681023  1.6558344  1.0563695  0.2757217  -10.358661  -2.5429256  0.53039646  -2.6837645  0.1341342  0.08952895  -4.126381  9.284967  9.500774  -2.7945747  9.413171  2.5063796  0.55295044  -3.2472022  11.473412  -10.022565  2.4253721  3.9356365  3.373788  -5.484587  5.592578  -5.6153235  4.294273  -2.2969728  -5.708948  -1.5434704  -4.6275864  5.4993486  0.11147816  -2.0291736  4.2470055  0.8139644  -4.625148  0.76141095  1.8057235  2.0565376  0.66876554  0.03177181  7.6809177  7.7081347  1.3893156  1.4119753  3.9094574  -5.224496  1.2634244  0.67129236  3.8577075  -3.289352  1.8644327  2.933413  -6.4922495  -1.3970572  -3.9913816  2.6360729  -0.67073953  -3.6773274  4.5937266  0.9323708  2.5684743  2.067525  1.8392868  -2.495994
0
-42.142822  -20.654255  -20.10378  -12.252714  48.17173  -2.1822538  33.353268  1.3653226  -15.448942  7.2690473  -27.660334  35.46883  -15.412226  -16.473618  -10.936571  -41.516594  38.340717  9.417363  -1.7468171  3.506222  0.7537068  29.94728  -35.3662  21.380037  -16.577698  11.263989  11.422471  3.3620996  10.595382  -10.800925  -10.70702  30.382542  -3.5301077  2.5008848  -10.475125  -10.360222  0.4019414  -17.970541  -5.205474  35.89734  -13.408699  -37.315765  -39.749847  9.0863695  -6.763297  11.550156  8.427045  7.1559963  15.855671  1.9206645  -1.2300574  3.0182018  5.5684133  -14.502039  -8.626244  10.374133  6.1166124  -12.088139  -4.58226  -3.0979874  12.293812  0.6871117  -9.033639  5.93008  -0.0032772608  11.11096  30.269682  19.228172  21.291925  3.5835178  -10.860292  -5.190284  -4.8506503  -7.2881894  18.360762  -2.0590682  21.69672  16.646925  16.704859  -3.181316  13.761924  22.153568  8.155023  -1.1254153  -10.769163  -9.846064  -2.076023  2.653965  -10.735569  -3.2905426  10.249992  7.6515627  -6.9046307  -2.2041233  5.6505084  11.9550705  10.280753  -3.9226692  1.9411997  -12.3764515
0
-22.675352  -9.02032  -7.746972  -5.912342  29.530958  -2.0375292  17.801191  3.2131996  -8.065491  3.7808857  -14.921125  24.218487  -5.0445294  -11.800968  -5.512011  -22.260303  21.282143  5.6597815  0.102430575  3.6668074  1.0426226  18.412647  -20.363194  11.108028  -8.54442  5.4531584  6.229169  -0.11675942  4.969547  -5.9601984  -5.758587  15.617363  -1.1748817  0.9677093  -6.60318  -6.366373  -0.56837755  -9.185562  -2.1517024  19.247643  -5.8885183  -19.703672  -19.817331  4.950399  -5.516956  8.575102  5.061686  1.2966238  7.7355776  1.3275006  -0.5327483  -2.3852477  3.159857  -6.1743107  -4.9766836  6.3701425  3.274714  -7.1064105  -2.5235064  -2.1784797  7.583299  2.2937186  -5.598626  3.5911973  0.42293918  7.1727333  15.797309  11.116233  10.520761  1.8968724  -6.147744  -2.0129395  -1.6372561  -3.4534395  8.752571  -2.082296  12.332149  9.8953705  7.933672  -0.53839517  6.239409  11.47664  4.421187  -1.3581787  -7.3230386  -5.006056  -1.0118194  0.8050988  -6.1507063  0.103596136  5.6230164  4.8814683  -4.0375648  -0.73590076  3.8790529  7.08627  5.5516887  -1.1562138  1.0044922  -7.2146416
100 1 1
4
0
-0.76946187  0.8074067  3.718902  2.0271513  4.967194  1.0409762  -0.15279175  1.968019  -1.438884  1.0165865  -2.0182931  4.5998483  5.034942  -1.8741392  0.16197398  0.061360996  -0.07398167  0.8119138  1.9425342  1.4024787  1.1038314  2.1551208  -0.8043076  0.014170278  1.1937927  0.89029247  -0.3065639  -1.7117429  0.3157484  -0.65912056  0.8966688  -1.5661  0.97979474  0.9230122  -1.2333801  -1.1402771  -0.57172006  0.48269314  -0.50476956  -0.5788782  0.8184772  -0.51188296  0.48105523  -0.25994527  -1.494877  3.5075462  1.9140012  -2.6189415  0.45650157  -1.5066458  1.0180709  -2.530008  1.887993  0.9894967  0.5144435  4.053611  0.44800052  -0.22388442  -1.4999125  0.42168993  1.0779618  2.1011567  0.021574251  -0.039937135  -0.1942678  -0.11215742  -0.3746606  0.44341394  -1.6166447  -0.16843668  0.7131893  1.2281265  0.54612386  -0.4878017  -1.1367369  -0.37728298  -0.39428005  5.010584  -3.7102296  0.33805647  -0.29628152  -0.45985344  0.7094129  -0.655073  -0.113692924  0.27421987  0.7548058  0.017132375  -0.6661972  2.0564609  -0.32325476  2.4441965  0.68093175  -0.014186524  -0.09971927  -0.19292437  -0.08741528  0.61716354  0.59105104  0.54377663
100 7 1
5
0
3.1721337  1.2210345  4.1184373  2.733948  7.5630536  -0.6043965  2.1813018  2.8109956  -2.8871088  2.680723  -2.7211018  3.2417848  3.8488486  -1.83061  0.7428676  -1.4767263  0.910762  2.0600276  2.6354287  4.0215034  -1.4927319  3.6571262  -0.2903918  0.66153264  -0.68644804  1.2034299  1.1124351  -3.0002508  -0.1945772  -1.1629221  0.4787714  -0.9661764  0.2042344  1.015099  -0.15265836  -0.55914694  -1.6783947  0.26363224  -1.3585736  1.8324679  0.77291375  -0.21740611  0.06488602  -0.60508996  -2.3812516  5.3721123  3.818718  -0.9942008  3.003237  -1.2407656  0.27386922  -3.253547  4.2660303  2.3248777  0.6923814  5.1919246  -1.5687592  -0.9459822  0.43225986  -1.7067956  1.8225577  1.6971931  2.413167  0.47060075  -0.7970527  1.6401076  -0.21440244  -0.7221937  -2.0538223  0.7671359  1.3042319  -1.0332668  -0.38396412  0.5011411  -1.755589  0.122015  -1.6525574  5.508918  -1.0096653  -0.51756424  0.87277037  -0.7842349  1.0576086  -1.6943402  1.5918247  -0.757331  2.1398244  0.41489166  0.5973297  -0.12133195  1.3947119  -0.65067554  1.0323924  0.41867366  1.4667746  0.80300206  0.8951339  0.80332977  -0.058562405  0.32176578
0
0.45266324  1.504561  3.0141892  1.3221328  5.012946  1.3059617  0.78273165  1.9995983  -1.7064004  1.7166545  -2.1278672  5.8326297  4.522094  -2.1601694  0.14489385  -0.39781344  -0.58857363  2.6329696  2.8307018  2.5891542  -0.0035825833  3.2773957  0.24901544  0.6247244  1.6655465  0.7953639  -0.15426287  -2.5319142  0.86091  -0.49300885  1.4824626  -1.2078966  0.74047595  1.1913426  -1.2433807  -0.26751968  -0.32583323  0.3193181  -1.0968647  -0.6576577  -0.35683632  -0.5483605  -0.38246188  -0.74277663  -1.1616808  3.8179617  1.2605994  -1.793077  1.2867366  -1.81692  1.6841356  -2.136133  2.82509  0.07695279  1.4786323  3.4143684  0.16669673  -1.2906967  0.13919717  0.21761864  0.23044264  -0.08085059  -0.019163216  2.4061317  -1.1580296  -0.30224797  -1.6718248  0.41384855  -0.02993233  0.47320762  1.9070678  0.47121248  0.5435348  -0.5017922  0.78782195  -1.1762942  -0.7403911  4.9246793  -4.1024947  0.06468077  0.21687354  -0.7993157  1.2443309  -0.62397695  -0.8672444  0.010649264  1.0560956  -0.5286674  1.2102709  1.9943376  -0.61727965  1.4465591  0.11628332  0.57203406  0.27841666  -0.4750112  0.034109928  1.1191617  0.6888656  0.10562721
0
-3.4309716  -0.72548914  3.6009119  2.1593564  6.0078588  0.9835357  0.21641321  2.811372  -2.3202498  2.270436  -0.7966577  4.734771  4.590395  -2.8366272  0.5955489  -1.2117085  0.10250607  2.3465269  1.8896699  2.2373116  0.43674892  3.0289648  -0.7696379  0.24762776  1.1932856  0.052279044  -0.03738339  -0.8918924  0.41162664  -0.26881462  1.106182  -0.73418  0.7315114  0.9179211  -1.806204  -0.27922255  0.19804838  0.31080854  0.023473993  -0.33844286  0.008172835  -0.90702116  0.82342154  -0.5109683  -0.6082393  3.008428  1.3521608  -2.5723345  0.4184681  -0.9569002  0.5000313  -2.6934776  1.7990019  1.2055237  0.48278493  2.599014  1.2115158  -0.59084135  -0.23656951  1.8127  0.25056133  0.8185578  0.20829263  1.0212672  0.8032856  0.16891782  -1.0807005  0.16677275  -1.5014999  0.66682875  0.87130976  0.45418194  0.39138207  0.48418075  0.38983098  -0.43564555  -1.3457297  4.4823427  -3.0269666  0.24876678  0.06996584  -1.1670319  0.10727607  -1.101235  0.1125872  -0.4985418  0.09488931  0.56501055  0.34404382  0.8575025  -0.23606627  0.057037123  -0.12716903  -0.93652046  0.54637676  -0.35902858  0.21230762  0.37260035  0.18944441  -0.035256617
0
-25.218311  -9.352476  -7.6792774  -4.630803  30.029007  -0.97228855  18.09239  1.4505125  -7.965378  4.440564  -16.947613  22.509844  -4.797329  -12.121708  -5.2755566  -21.579754  18.671608  5.484036  -2.6225293  2.4934092  2.0161905  18.16058  -17.401728  12.051398  -6.917954  6.4558806  6.888055  1.606405  5.5216303  -7.595423  -5.3973956  14.018623  -2.3155544  0.28068638  -6.065514  -5.4923563  1.0629473  -9.482833  -1.9242642  16.20793  -5.7662024  -18.803106  -20.197224  5.148991  -2.6967468  8.262075  4.3066244  4.8294363  10.985848  1.267455  1.7803218  0.52761465  4.473084  -4.884362  -3.012837  6.563412  2.4239676  -3.1309881  -0.81357324  0.19925678  5.1961746  0.48965275  -7.469242  2.09621  -0.22196963  5.2595987  14.46958  9.96106  11.543383  2.7974384  -2.7416255  -4.2427545  -1.8414167  -0.61047876  9.485949  -0.71776646  8.299651  11.951127  5.965966  0.8007474  6.3553085  13.400557  3.8518314  1.1397549  -3.0387201  -7.4556046  0.4858488  0.026226493  -5.5431824  -2.447612  6.680078  2.8127189  -6.155106  -0.077430695  4.4758563  7.596552  6.6969614  0.31435722  -0.77154714  -6.2525434
0
-3.277226  3.142123  2.808666  2.5514953  5.601846  -1.1737351  0.054336954  0.95488065  -0.8863329  0.4217536  -2.7666867  5.803169  3.9065895  -4.5235376  -0.62908256  0.574975  -0.75049525  0.61575323  -0.48626408  0.1135199  2.3852208  5.1352677  2.6116877  1.7871748  2.0666783  -1.5613711  0.80211055  -0.6675634  0.25525242  -3.7250283  1.0541028  -3.5862234  -0.17407069  -1.1674418  -0.43465844  -0.5080732  1.0121025  -1.0884576  1.6837933  -4.254571  0.1412233  2.0822716  0.7274308  0.34206834  0.9353039  3.8696063  -0.5267886  1.6980501  3.8184028  0.13065867  3.6576567  -2.4119112  2.5851061  3.77306  3.0453424  2.4897907  -0.63159406  4.2845817  2.633449  2.6137948  -2.2739213  1.1929919  -3.3099523  -0.30090106  -0.9154537  -0.94201607  -2.489716  0.0657364  1.1946582  0.9204981  1.8867172  -2.722636  1.1543957  3.451376  -1.0155718  0.11616382  -6.2146072  6.3499866  -4.5593944  4.0243587  -1.0002849  2.7578712  -0.65553325  1.2116656  3.6598392  -1.270109  2.1190953  -2.2341218  -0.08062602  -0.5912322  1.4094877  -1.411562  -3.373855  1.7688252  1.6996117  1.723768  0.6256992  3.0793626  -0.6411732  1.2650837
0
-3.8118684  -12.1625  -2.3653066  1.7387428  12.016693  -8.436882  0.15279388  -1.124389  -0.3048172  12.501756  0.49841377  7.2189293  3.386407  -8.745793  -4.299968  -2.0352976  -4.7034426  3.2280219  -0.9159155  -1.8922262  -2.048474  -3.060747  -3.9775171  3.9770164  -12.028928  7.445181  7.336524  -5.7157173  4.866951  2.5344474  2.51078  4.768569  8.112217  5.896266  2.0682578  2.3145537  1.8406119  4.0890937  0.6634382  4.0237417  -0.33123344  0.928723  -3.0766685  -2.6343637  -1.8560766  8.896456  2.105712  -5.467599  4.4750185  2.2203684  1.8556472  -5.3991475  5.526501  -2.3964698  1.9001287  4.738908  1.1299856  -5.4343953  2.2051213  -6.258108  3.4185867  3.0933864  -1.2186753  1.7301619  -1.2539191  -2.821949  2.894893  -2.652415  -0.036976293  -1.0537542  -0.16821511  -0.74380285  -0.35185102  3.0439532  -0.04613168  1.1935421  2.4322603  9.513809  0.9264084  0.009465994  0.74053115  -0.7836652  0.11815828  -2.611061  -0.4780064  -0.4820212  1.3108054  3.2856488  -1.2566873  -1.0874732  -3.3044999  1.46167  0.5987072  -4.126024  4.4528537  -2.1695251  5.01337  0.7669128  2.386613  2.0691345
0
-1.7969105  1.086956  2.073287  1.1899401  6.5351954  -0.10447551  0.48732743  3.1144862  -1.6317606  2.598353  -2.1436903  5.1609993  5.4579086  -3.0732381  0.38169143  -0.07741601  0.90441537  1.2044075  0.84790224  2.094899  0.027843881  3.354405  -0.36994797  -0.49095735  0.2549309  0.64480245  -0.67484415  -0.49492082  0.27501863  -0.34970614  1.3058691  -0.9542525  -0.39056167  0.52439296  -1.5927662  -0.1278881  -0.18233056  1.0271728  -0.12332526  -1.3495048  0.9596361  0.28199062  0.48182914  1.2702763  -1.6569692  3.2975826  0.005074067  -1.8639188  1.6769376  -1.8708861  0.82352567  -2.5952468  0.2623112  -0.47127542  0.116224654  3.7195792  0.96709996  -0.024952505  -0.21050759  1.5609878  1.0435675  1.1389563  0.6752277  1.6920666  2.098271  0.26742935  -0.31190258  0.27125287  -0.52435094  0.53792405  1.1869742  1.255636  1.0278114  -1.1894857  -0.48944214  -0.45325616  -3.2693405  3.2995272  -3.679987  0.12619449  0.026104005  -0.44005603  0.88114035  -0.6843209  -0.75935864  -0.28206658  0.26934588  0.6745002  -0.011330675  -0.55764854  0.63124573  0.88573074  -0.3504447  -1.2074401  0.91250527  0.3277285  -0.179531  1.3912779  0.036857754  -0.45381495
100 4 1
6
0
0.99719584  0.38785818  3.5466108  1.7652016  6.004611  0.73823273  -0.48221764  3.6732821  -4.519109  1.8039141  -1.5156478  6.2295423  6.473478  -2.1187415  0.19205579  0.1396714  2.5425382  2.4867578  3.4071732  1.9494324  1.1740196  1.5786463  -0.71879804  0.36704463  1.1809058  2.0603156  -1.6504502  -1.2888103  0.6919781  -0.896371  1.8941455  -1.5162302  0.78265697  0.58562785  -0.11704632  -0.28778192  0.8551584  -2.3358574  -1.1744217  -1.6263711  2.7832832  2.265258  0.8570615  -0.716265  1.3592004  4.081619  -0.5047932  -2.8634315  0.11439123  -2.7565703  -0.39448693  -2.3782637  2.2906737  1.4426284  0.8476569  1.1389773  1.5754585  -1.7274647  -1.3272228  0.925624  1.5142779  0.75285274  1.2261788  1.1913338  -0.14911453  -1.008911  -0.3352305  1.8763227  -0.69008696  0.55575377  0.15675488  0.97374004  1.7761241  0.13701153  -2.9210668  1.5713211  -1.5712605  3.2997088  -2.2546208  0.8065247  0.7344975  -0.48106733  0.23938288  0.07456758  0.12939231  2.0364962  1.305816  -0.058389775  -0.9907856  1.6432799  -0.7021691  1.7518246  1.7717581  -0.13751413  0.3417766  -0.7884649  -1.4733425  0.23684533  0.13241369  1.905531
0
-87.378  -86.370094  5.715002  -1.8900149  76.23665  -15.663248  16.522783  -60.9699  -35.84616  76.390335  -20.7007  52.602478  25.38657  -39.045868  -34.649647  5.1023626  -17.362787  4.256253  -29.427391  8.564421  -31.009245  -38.729134  -47.59702  70.563225  -26.341967  75.11223  33.90447  -43.646587  42.29809  50.178406  0.82090914  56.51626  16.248419  37.859383  -30.519714  -4.8991385  0.67234427  47.111385  3.7898479  50.47846  -5.234354  -5.4333344  -38.150368  -7.596169  -0.04608184  -10.254633  2.3976302  -7.7207065  23.1088  16.04187  -2.2946274  23.037533  12.044047  -42.239025  -21.155344  -10.581121  12.6795845  -7.0498495  18.07842  -21.124075  39.410786  -5.7874684  -2.8929152  -25.413517  15.766813  13.69018  12.792871  -18.999039  6.24251  -24.718842  -16.817684  0.158927  -14.414407  6.388524  1.9317359  5.68452  63.31673  -12.484295  29.77748  10.814944  -3.9295864  7.877791  8.874616  -23.973406  -35.317577  -26.18942  -0.15405665  3.8592103  -27.739948  -26.25197  22.002737  20.93653  -5.991555  2.342524  17.217047  9.798463  -6.006703  6.8082705  -27.860495  -8.641278
0
-16.056252  -17.628668  -13.809584  -5.4744706  13.90209  -17.148382  3.766017  -23.336155  -18.836233  19.32514  0.46092862  13.211603  4.2714124  -7.521299  -10.397114  1.1011852  -20.030842  9.883461  -8.2237215  -4.7332273  -15.104479  -12.775133  -8.569571  17.59518  -9.148939  23.803278  18.313028  -20.44487  9.653847  10.415811  -11.6823225  21.495193  18.07173  6.2329288  -5.63003  9.2308035  3.669769  9.5706625  -8.316467  -9.341326  -8.031664  14.492919  -12.151711  0.9125351  -2.938445  8.238176  4.375748  -2.5608559  9.33838  1.1217703  2.7561405  -5.618892  5.946776  -12.359077  -4.1897244  7.795289  3.5093305  -15.10563  3.3696582  -10.612617  3.8678703  3.372048  -3.6287086  2.3924115  -2.6202848  -17.850512  -13.37003  7.887829  -8.475338  -0.8160596  -4.619025  -0.7111029  -5.988404  3.7874694  4.606295  -0.20571905  10.595044  13.399593  -4.166204  0.21614145  2.9827137  4.7676573  -1.5586644  8.135546  -13.613605  1.9849569  6.6823516  5.02947  -2.512105  -2.2572258  -7.67479  5.0024333  5.170584  -13.586234  0.07851871  -12.145718  -24.574614  -4.65846  -8.513599  -9.110387
0
-0.05404853  -1.4399452  3.6188304  1.4693923  6.4135256  1.6461163  0.6750212  2.9293084  -3.6101406  0.849381  -1.9081877  6.45435  5.5837092  -2.1867073  0.52378255  -0.9213748  1.4269004  2.3915317  3.1661837  2.1587281  1.0729465  2.751265  -0.1472744  0.7168305  2.0682635  0.8559618  -1.359743  -0.7036196  0.39233115  -1.3715001  1.9657515  -2.1285982  1.5242996  0.8307659  -0.00438335  -1.1510779  -0.34689823  -0.8885985  -0.124019586  -1.6722989  1.3708102  0.5635311  1.0936534  -1.603143  2.143971  3.954354  -1.0281643  -2.3163674  0.45320138  -0.8518023  0.6310624  -3.0044065  2.252005  1.32459  2.315537  1.3608766  0.4373172  -1.6574486  -0.94770986  0.837394  -1.7295623  -0.50201315  -0.32389915  2.0077965  0.6601754  0.26587585  -0.9937697  1.3282965  -0.66376764  0.9715303  1.2328643  1.3205742  3.024283  -0.43736556  0.3270361  -0.16221091  -0.9738479  2.3175337  -4.1667104  2.2474124  0.32752088  -0.8966448  0.15556923  0.19388777  -0.7334856  1.2571394  2.2735558  -0.97342914  1.1052666  1.5331593  0.43113118  1.1014796  -0.43555465  1.0718148  0.5784281  -0.7360703  -1.1695236  0.81996816  -0.035780318  1.198092
100 1 1
3
0
-3.3243136  -2.1996558  0.8808006  0.1126578  2.0092964  0.05567114  0.7089157  1.0777406  -0.3995876  0.63982654  0.026967138  1.0263157  0.696645  -0.7795426  -0.6191477  -0.6504797  -0.2530085  0.29819965  -0.2501652  0.24975494  -0.047836185  -0.55802536  -0.68497384  0.35274807  0.10109214  0.918777  0.39562345  -0.5280101  0.46117708  0.1786072  0.2585819  1.5890326  0.5543937  0.2396956  -0.91215533  -0.43501154  0.3453  -0.28173104  0.23584458  0.9459729  -0.082673855  -0.28614557  -0.7263248  0.9658321  -0.09393515  0.0077879876  0.5255242  0.0887205  0.6059992  0.26812202  -0.052153427  0.32002768  0.03569745  -0.62283146  -0.63317204  0.14445111  0.43668026  -0.13330626  0.16140221  -0.34907576  0.66820693  0.06696921  -0.42549032  -0.26677698  -0.1847257  0.27636415  -0.08844721  0.67599684  -0.71825135  0.016245183  0.40835783  0.8718608  -0.5343781  0.06634255  -0.019318186  0.10933625  0.85928416  -0.35412115  0.83276546  0.16585687  -0.4234817  -0.5660746  -0.53598803  -0.17041317  0.1347332  -0.49493074  0.054901123  0.23485789  -0.24749172  -0.5283621  -0.02530865  0.11403791  -0.26568702  0.31759915  0.49018174  -0.015750349  0.013044119  -0.33790505  0.32229435  0.34010163
100 3 1
4
0
-0.0020678714  0.7426488  0.8786703  -0.76505905  0.02709264  0.70596635  -0.69826543  1.0914032  0.74930066  -0.9833926  0.57730997  -1.8859661  0.31362405  1.5985024  0.28563353  -0.326992  -0.011453706  0.80792844  -0.6787924  -0.70576745  -0.85939217  -0.80367845  -0.6209264  -0.9268803  0.474298  -0.7664781  1.419402  0.20677133  -0.2683063  0.22652896  -1.6088676  0.1703552  0.4416177  1.5351974  -0.71920216  -0.094363905  0.16522224  -0.46610743  0.43984658  0.92921853  -0.75513625  1.1972435  0.30934396  -0.23766531  1.1022265  -1.3833333  -0.6746488  1.508524  -1.1485721  -0.46551946  0.46233478  1.7526329  0.49460644  0.36598337  0.2778734  0.77111775  -0.67687744  -0.18684053  -0.9022727  1.6660739  0.3252822  0.4789467  -0.17495991  -0.4825508  0.6486533  0.93669236  -0.18110801  0.4951832  -0.5381941  0.040357683  -0.9283931  0.5242637  0.20712787  0.40634814  -0.7075069  0.014143005  0.79454046  -0.10026969  0.6390633  -0.53813154  -0.035705082  0.12469582  -0.09654664  -1.0431253  -0.23933457  0.35970658  0.18811023  -0.2563772  0.639422  0.20746563  -0.52673215  -0.16459464  -0.69360656  0.24728334  -0.8396232  -0.0026356827  0.41614828  0.19839896  -0.051114935  -0.47662827
0
-0.17957067  -0.022995679  0.22328494  0.08678961  0.52064425  0.26884097  0.006261015  0.33355507  -0.22474247  0.16964646  -0.12207097  0.44587675  0.43941438  -0.12648912  -0.036936156  -0.15254499  0.16365334  0.08445285  0.010213442  0.048773292  -0.058262564  0.27728114  -0.19333436  0.042660236  0.13193256  0.09988705  0.009446402  -0.06985833  -0.02896888  -0.031232495  0.21907505  -0.057400648  0.06175962  -0.075652964  -0.14280239  -0.0087290155  -0.22022012  0.0828597  -0.0282106  -0.2100165  -0.017459916  -0.03165375  0.229647  0.106220834  -0.06281528  0.20015122  0.04590172  -0.21557479  0.1327146  -0.18037318  0.041943196  -0.18794297  0.2840201  -0.014915551  0.14162119  0.11043462  0.02462885  0.082491666  -0.061163537  0.11584142  -0.020384064  0.12934527  -0.25280145  0.11124066  0.019486511  0.04678003  -0.12812874  0.13091171  0.014079183  0.022504793  0.12732343  0.11449051  0.04692737  0.051154833  -0.041058723  -0.018936034  -0.32305804  0.5602122  -0.4447001  0.13218759  -0.11311605  0.042839047  0.012963287  -0.12477325  -0.05626425  0.07819959  -0.09770965  -0.028881913  -0.04614502  -0.12416101  0.041237954  -0.022560164  0.0067509715  -0.0173244  0.04247884  0.050992113  0.06746772  0.13915972  -0.101179756  0.11809296
0
1.3118392  -1.3245664  0.3222131  0.2945498  0.055143088  0.26188323  -0.20790696  0.6036796  -0.55453175  0.40114373  0.52125967  0.23123252  0.355361  -0.3810305  0.080547065  0.38782704  -0.09422807  -0.14743195  -0.18579735  0.061321992  0.057538316  0.030965203  -0.14174391  -0.19580138  0.4884157  0.28530648  -0.26890424  -0.12450616  0.6081838  0.3894288  -0.56644547  -0.6081357  -0.8430689  -0.4299813  0.36987618  -0.27619204  0.007632695  0.27382067  -0.53645796  -0.5165544  -0.45791373  0.47477776  0.1964261  -0.34315833  -0.873029  0.8945479  0.5566141  0.07434469  0.9633068  0.33318615  0.015334841  -0.35626233  0.8471099  -0.5132328  -0.40546474  0.4496335  0.46679437  -0.5251318  0.48918712  -0.3164781  0.96306556  0.054167666  -0.044987842  -0.285822  0.22205722  0.64853686  0.39259714  0.22194183  -0.14243418  0.24555211  -0.44714257  0.19302434  0.302394  -0.031436726  0.4154814  -0.18860085  0.31663463  0.51629174  0.6079485  -0.18859524  -0.42052916  0.5461233  -0.048741806  0.08509268  0.5456964  0.021786112  0.2188143  -0.115173355  -0.20595716  -0.23187613  -0.30635828  0.44476587  0.34298882  0.29846767  0.55054265  0.08779986  0.14385715  -0.12469876  -0.09123109  0.15047148
100 6 1
7
0
-0.053677935  4.8999457  2.2930722  2.065462  4.646657  0.73194915  1.2029239  4.1089187  -1.278873  2.616841  -1.4620212  4.178094  4.5294676  -2.15303  1.5484962  0.49437284  1.7479194  1.8547412  1.6050421  3.6556435  0.713732  1.6669598  -2.338547  -1.063324  0.3217672  2.2516673  1.1452384  -2.0315707  0.4435242  -1.2098974  1.4927951  -0.78813154  1.4619497  1.5660146  -0.2510494  -1.1074612  -0.26893947  1.0966625  1.2492301  -0.8924613  1.8238448  0.3209045  0.8783657  -0.25376058  -1.8975714  3.5215583  1.596443  -3.0841362  -0.5995105  -0.3408572  2.6459417  -3.3407495  3.1412573  2.1163328  1.3257111  5.040531  0.7872549  -1.7109666  0.38482517  -1.9714241  -1.5110695  2.1106007  1.0685221  1.8314021  3.1717148  -1.3188198  -0.08667861  -0.14674978  -0.79742247  -0.8167769  1.5076602  1.317699  2.3482382  -1.6145034  1.980004  -1.4499115  -3.0026429  4.791533  -5.9151835  1.7673988  0.07714962  -0.52471817  0.15660837  0.15667644  -0.024934875  0.09159079  1.030679  -0.46299398  0.119290136  3.7709603  -0.5668213  3.4376345  1.9135412  -1.1730704  1.2864015  0.7491265  0.55498886  0.9545596  0.5219396  -1.1873147
0
-1.6430998  0.33557886  3.8791752  2.0377872  5.6614504  0.029867161  -0.46615687  2.3600357  -2.514348  2.1384907  -1.7965555  5.3719044  5.248901  -2.8687222  0.77637666  -0.8213535  1.3079412  1.8578374  1.8630587  2.0279481  1.2539774  3.0156794  -1.466506  -0.53398263  1.3113917  1.7465359  -0.9828247  -2.3634896  0.63965553  -0.19351372  0.24230403  -1.5091258  0.33286494  0.29527906  -1.0010896  -1.5985594  -0.78547364  0.053294245  -0.12355287  -0.47292265  1.5924094  -0.08500738  0.14796709  0.4039096  -1.7664493  4.276443  0.84721446  -2.6055949  0.73676693  -2.2547596  -0.8559934  -3.333354  1.8968694  0.77549267  0.55391186  3.6907663  0.041968275  0.37102124  0.8825258  0.28084877  0.37096575  1.8304255  -0.077523366  -0.1331772  1.2436085  -0.46671426  -0.12710878  0.05433061  -1.5341562  -0.5869734  0.6643574  0.5222548  0.8288869  0.6290668  -1.482727  -0.30945373  -1.5054773  4.9623284  -3.0348742  0.38572145  -0.52773476  -0.6864875  0.6243599  -1.1618474  0.4992466  0.6714068  0.2580321  0.37570196  -1.2664578  1.0699009  0.11678952  1.4977386  0.3144298  -0.38896573  0.75174475  1.1320409  0.7328899  0.51703376  0.90613306  -0.06870365
0
-6.5358424  -6.8626313  1.8018082  2.2013824  6.2872424  -1.1604519  0.14087802  4.626465  -0.49639007  1.9519858  -2.0509121  5.1948943  4.8649273  -2.4660504  1.9340749  1.0058662  2.0717344  3.5048823  1.1143498  2.0900483  3.3213677  2.5951595  1.3395658  1.4367186  1.8304956  0.33729538  -0.21841905  0.12605056  0.18342862  -0.43321568  3.173545  -0.6644833  -2.3690534  -1.2351213  -0.95922923  0.532932  1.3898212  -0.61129934  1.2833557  -3.2723231  -0.5086112  -0.3763795  -1.2553762  1.1229917  0.4106003  4.6929107  2.6350636  -2.0150213  0.5034251  -0.2622336  -2.0400448  -1.0350922  2.2656357  2.070157  -1.1083033  1.6225567  -0.60505736  -0.8753569  1.3523898  -3.7632477  -0.04826224  -0.4631156  -0.5846134  2.0425615  0.86659896  0.5002764  -1.3855314  -0.27216235  -1.3499194  1.3182155  -0.17658861  0.35332268  -0.7307195  0.90303373  0.9691254  1.7859313  2.0435867  4.23257  -1.9976559  0.37223327  -0.6104361  -0.6244677  -0.070990175  -1.7206734  0.38075167  -0.2622317  0.86629355  -0.42068955  2.293405  -1.1006066  0.18987682  1.4179059  -1.5062063  -2.1699607  1.4673833  -0.723953  -2.5754457  0.23336941  -0.59060806  0.07120973
0
-49.32121  -61.951805  10.914189  -4.6255784  34.128044  -13.755139  -1.8486824  5.2297096  -21.70074  6.463538  -19.992638  28.152933  -14.470481  -23.885908  -24.721813  -6.247773  18.73229  7.4629197  -2.9691272  -16.720945  4.929597  10.101102  14.042314  -7.91383  1.7879921  21.081806  -7.3274875  -21.611958  -4.535926  -3.9742556  11.575762  35.815002  12.192316  -1.2638853  -12.490766  -0.30694425  0.10439995  -6.0601683  12.778552  3.2605164  -17.682964  19.890991  2.5213003  -14.247406  -4.623544  0.66960895  8.46226  -3.940758  13.310344  3.211976  -11.526852  5.5414987  3.3743954  -7.2895994  -5.4405894  2.715735  0.8571687  -2.9865522  4.001655  -2.0225894  14.522482  -0.949978  -8.192758  -3.03932  9.632602  -16.911455  12.985469  -2.9882317  6.031177  12.692432  8.833958  -11.072659  -6.698434  3.8280008  -2.6169279  1.893618  15.015967  7.1582603  9.49323  1.7423471  16.826721  14.766341  -14.930898  10.956403  -23.460009  9.145901  6.80554  9.76266  -10.714342  7.2142625  3.5578272  15.847926  4.605316  -1.0263814  1.3631113  0.93292594  -16.33947  -6.2613134  9.161406  5.4830513
0
-0.37481162  0.18452796  1.4637244  1.4091517  2.8657017  0.5374211  -0.6734855  0.6216967  -1.6452903  1.778724  -2.1611762  4.1600113  4.700684  -1.4528259  0.43710285  -0.44268224  -0.024801936  0.72933483  1.0625904  2.7691522  1.2858273  1.9937346  -0.51198715  -0.7966542  0.28544995  0.30722505  -0.6265049  -1.0675492  0.5344277  -0.8125431  0.4141019  -0.77922875  0.15777123  1.4946009  -1.7147663  -0.94584554  -1.6174167  0.60217565  -0.05223114  -0.8971775  0.33322746  0.48351306  0.8564711  0.6418474  -2.0753264  4.58889  1.2342598  -1.4466512  0.98297477  -2.4907196  0.49452695  -2.0752137  3.2736285  1.3234022  1.5994877  4.0460205  0.246891  0.5844697  0.7806218  1.2157786  1.2768242  0.65422714  0.23792829  -0.05018358  -0.75487024  -0.44881564  0.37037972  0.8797439  -1.0560503  -1.4025325  0.15669912  0.56328404  -0.4815941  -0.8165637  -0.60361904  -0.87529373  -0.60006285  4.3805366  -2.6727173  0.44603878  0.25855154  0.58671075  0.29406926  0.11427407  0.17460532  0.5085323  0.23880044  0.9003947  -1.136791  1.1112444  0.62388  1.2671635  -0.061116114  0.54030657  0.30858824  0.2500879  0.42978814  -0.090375245  1.9081271  1.0011579
0
1.3561121  2.1615388  2.6874306  0.2516635  4.057691  0.36613053  -0.5369306  0.99429286  -2.3396087  -0.38339624  -2.0803113  2.34761  6.7637787  -0.20043312  -0.028700326  0.93975705  0.4239457  0.2557031  2.2726948  1.9865067  2.3999472  3.0173237  -0.46647885  -0.07936624  0.7689177  0.0723594  -0.7944441  -3.299768  0.698283  -0.72929394  0.3871238  0.1179398  0.6624776  1.6352264  -0.26252538  -1.3637841  -1.8516482  0.01994823  1.2090794  -1.6217734  1.1382109  0.31211236  0.61434263  0.07126806  -0.9108092  5.5520897  0.7747638  -1.1873999  0.11814331  -4.343596  -0.0039106784  -4.6698217  2.621092  0.97879684  2.179096  3.7692087  1.355679  1.2228664  -0.8341116  0.94022644  0.5546051  0.22060107  0.54731417  -0.4394514  0.17686653  -0.74409974  0.9087898  1.3276517  -1.1939304  -0.4262547  -0.006280521  1.6608676  -0.11982708  -0.7089314  -2.8683946  -2.8528137  -2.8432262  3.7938418  -2.8637815  0.59838974  -1.506557  -1.5416759  0.99101907  -0.42830324  1.3314818  1.3718433  -0.72778046  0.8682067  -1.2062492  0.37981206  -0.07199903  0.6242569  0.24965973  0.11524756  0.4250427  0.13921303  -0.65364265  1.6076766  1.064384  -0.39325416
