10 9 100
100 5 1
0
0
-0.20617272  -0.050979488  0.34513134  0.19875912  0.48073572  0.14006917  0.1540353  0.17611185  -0.17267863  0.10988569  -0.11000332  0.4242253  0.3723137  -0.25949568  0.13358136  -0.19331737  0.015412756  0.31855243  0.2419236  0.22379068  0.13420166  0.30393112  0.033149473  -0.11325542  0.12222686  -0.03198817  0.048910115  -0.087051116  0.102596  0.08346767  0.07732622  -0.030342402  0.1021026  0.008088499  -0.12095843  -0.04117402  -0.08231577  0.10286676  -0.078212485  -0.21603842  0.037526477  0.006102121  0.0836594  -0.060196772  -0.036513634  0.20212027  0.18438987  -0.30928367  -0.0083957715  -0.1547971  0.05455668  -0.30137676  0.37288347  0.05308768  0.12046741  0.07312742  0.10564823  -0.00903235  -0.0454577  0.08695031  -0.031207778  -0.0060658627  -0.10679376  0.21863297  -0.107942015  -0.0482805  -0.1805356  0.10805182  -0.13474637  0.10919751  0.060902648  0.056899045  0.115333706  0.20354623  0.07175605  -0.17175087  -0.15459195  0.3906644  -0.20613213  -0.056276895  0.028267827  -0.019133298  0.00796147  -0.10066323  0.16010238  0.114439346  0.23431617  -0.098473966  0.053697783  -0.042063452  -0.04188327  0.08475021  -0.043253265  0.017072394  -0.009251933  -0.034886755  -0.073314846  0.10004043  0.012779628  0.055226393
0
-8.495126  -4.8867483  4.3896065  0.48083842  8.962657  2.1097867  4.4507504  2.510306  -1.0445101  4.2419033  -0.78024244  5.153265  -0.0959059  -2.047164  1.1674666  -0.75146705  0.27842596  1.46685  -1.0524094  2.2884233  -0.85210973  -1.0963924  -4.7652645  3.619139  0.5165694  4.3747377  1.3021975  0.81298524  -1.6292627  2.9923992  1.5196357  6.4365387  0.46822247  -0.5057367  -2.4782484  -2.479773  0.8325486  0.044883028  2.8135667  0.42890286  -0.5121144  -1.5821373  -2.2057333  2.2981796  0.13007066  -0.71827984  1.827029  0.008031651  1.7862749  0.3931725  -0.37777996  0.16011253  -1.2986715  -3.9929504  -2.6940434  0.09946007  0.9413121  -1.133563  -0.24432528  -1.2479199  1.3405945  -0.23263285  -1.1403974  -1.7260615  -0.98015  1.8238946  -1.1660472  2.721666  -2.3073967  -0.66561496  3.5769043  3.8403926  -2.2310257  2.3840144  0.08897582  -0.5354578  3.3077261  -0.84220153  1.3415174  -1.2663131  0.7307329  2.9844263  0.9422437  0.37887335  -1.2359004  -3.789599  0.04028575  0.8502382  -1.9387114  0.2009936  -0.19054  0.67470336  -0.8226317  -0.8306355  2.9982786  -0.8194246  2.9743693  -0.16352698  0.26831886  2.5383039
0
-0.16013879  -0.37224868  0.11524424  -0.03138814  0.5887697  -0.33297676  0.17784879  -0.23118621  -0.5019522  0.40428433  -0.5191555  0.37589037  0.49393898  -0.36972925  -0.032742303  -0.0035495907  -0.030561559  0.14403065  -0.037508167  0.2114923  -0.025383065  0.16654865  -0.25914606  0.20802578  -0.30719495  0.30709448  0.4491396  -0.2879106  0.3235876  0.12186646  0.11517472  0.23448986  0.24880242  0.09475678  -0.1282706  0.08880659  -0.07011541  0.22656603  0.17284884  -0.18984748  0.22939537  0.17071666  0.014248491  -0.11546614  -0.21396251  0.4525876  0.30492938  -0.34867632  0.1626224  -0.01667434  0.16563603  -0.1342471  0.28118065  -0.12170158  -0.07259778  0.38851196  0.20371497  -0.19093813  -0.057476845  -0.06369497  0.12574953  0.13128883  -0.072463736  0.10777478  -0.2028088  -0.19492665  -0.41239756  0.5042964  -0.1561188  0.13121407  -0.18997204  -0.25747466  -0.022141047  0.084715664  -0.013563391  -0.028885404  -0.025167001  0.6071139  -0.22508535  -0.041636676  0.15944673  -0.04308247  -0.028643057  -0.1516582  0.09902703  -0.07418208  0.27309257  -0.040376812  -0.00854128  -0.1058504  -0.35215622  0.019093454  0.032542914  -0.09900927  0.121447474  -0.21230502  -0.22003412  0.1099965  -0.08453544  0.035772838
0
0.16138814  0.009859912  0.30401224  0.23532484  0.72890514  0.106600836  0.13651645  0.17479266  -0.08880693  0.22280923  -0.07293551  0.553332  0.48750007  -0.30332437  0.0045348685  -0.103742704  0.08740492  0.40208557  0.17770079  0.2628663  0.10436249  0.39861238  0.01012915  -0.027323265  0.12011154  0.10066272  0.09395209  -0.09166936  0.15121333  -0.076969646  0.08304604  -0.14700769  -0.009600766  0.03414513  -0.07503622  -0.049254216  0.031216206  -0.035373278  -0.073728025  -0.28564972  0.10810049  -0.028636267  0.048122432  -0.05889345  -0.18523455  0.40594903  0.20976834  -0.2388412  0.09637519  -0.13583967  0.36415565  -0.26536763  0.24611229  0.026042387  0.19627072  0.36652514  -0.009430172  -0.0026831217  0.065384395  0.04842577  -0.108361654  0.1455512  -0.21386799  0.2643859  -0.036654938  -0.15235412  -0.14926307  0.03482226  0.002208881  0.023092896  0.20390919  0.10682695  0.10948626  -0.05572885  -0.12215367  -0.13447793  -0.06396738  0.53066516  -0.1951866  0.116091356  -0.10914728  -0.14459102  0.0028295647  -0.068982065  0.012022695  0.011025094  0.31263345  -0.008108014  0.15732071  0.048037346  -0.17030805  0.17140654  0.091565914  -0.08105868  -0.031049697  -0.027427226  -0.06412281  0.08970126  0.033429734  0.08834933
0
-0.32421494  -1.172363  -0.7360469  -0.4466605  0.4981581  -1.0868257  0.5350675  -1.021631  -0.892473  1.120643  -0.103318214  0.35749114  0.09522834  -0.46355549  -0.043056525  0.22095433  -0.587398  0.14649576  -0.015419662  -0.015209795  -0.44339526  -0.4471819  -0.13122144  0.6165459  -0.1731927  0.8600219  0.8221421  -1.0132492  0.65700686  0.8797085  0.1449638  1.3988292  0.5644324  0.19729559  -0.6405323  0.42292783  -0.009402304  0.3394279  -0.23544706  -0.29786372  -0.36292857  1.4447765  -0.34819028  -0.06859481  -0.42003423  0.55893  0.43123445  -0.20742518  0.7128946  0.07315062  0.094564825  -0.11234999  0.1926922  -0.7228644  0.024235476  0.5187222  0.27046132  -0.37872523  0.09835896  -0.38141283  0.4429813  0.2802766  -0.106282376  -0.01510351  0.039935224  -0.36272785  -0.36966264  0.362906  0.06931916  -0.13563946  -0.39225644  -0.14905849  -0.1792028  0.25664866  0.012411416  -0.06435199  0.53927845  0.82564604  0.057300538  -0.014611743  0.010894112  -0.13440523  -0.25220963  -0.17855848  -0.59968805  -0.011234196  0.2738312  0.3896435  -0.32591316  -0.11118361  -0.20945735  0.06728546  0.079334095  -0.4969869  0.2710485  -0.3087188  -0.85869414  -0.16629267  -0.0714485  -0.36732277
100 9 1
1
0
-1.0565348  -4.0007863  -9.238433  15.884473  -5.776141  -10.944672  -1.6521416  -17.23612  10.435468  20.921125  2.1688285  14.393537  12.646974  -5.013286  -15.48258  -6.0858073  -4.337411  -0.15843233  0.6380375  -4.358349  6.3757243  -0.9235797  -11.330016  10.938308  -1.5275971  5.275222  2.7117445  -0.027110167  12.04106  -0.35663947  -1.7235365  7.8932247  -3.624254  4.961041  2.8899286  -0.03755056  -1.5732833  0.70582473  -1.8611727  -1.5219109  -4.7609506  -9.742984  0.4547109  5.401597  -6.1003504  9.707788  7.0128226  -7.323008  6.5155935  1.5875007  0.75702745  -2.2563772  4.758102  -11.533559  4.5815444  7.7380643  -0.13183554  -6.6074333  5.2332277  -7.7783966  8.067104  -3.3101795  -1.8308609  -0.36981797  -3.2883115  0.7126471  2.606769  2.6512086  6.216317  -4.6285377  2.9038746  7.963393  0.2133485  -1.9140543  5.5593085  -3.263715  9.857683  3.04823  2.2891366  2.138828  -5.3028407  -3.390554  -7.1538844  4.3091655  0.021238863  -3.8051615  1.1763799  2.5563369  -3.6961076  -1.4849828  -2.2763143  9.034435  -2.8598597  -0.2926652  3.8479538  -2.1324885  8.056119  -2.1355314  -0.2176533  1.5692973
0
-32.95636  -75.63179  -3.0296624  -20.238184  63.358665  34.868786  -29.74051  -77.64519  -21.100046  28.446144  -33.3315  28.64512  -4.4185424  -25.39328  25.978292  32.993073  14.942174  -3.762561  20.814898  -11.126241  8.07524  34.644558  39.035454  -18.776068  9.663838  -29.456861  -32.895622  23.389803  -54.257957  65.11411  15.817548  21.735899  -15.183331  9.475479  10.961559  -21.149067  15.38999  34.104145  -18.610588  7.4874744  1.1649957  -13.475515  -31.087456  21.42691  40.24022  -15.070064  31.936121  -19.247374  59.961678  30.698927  21.20112  32.40162  -3.0619366  -45.86345  -33.97179  -3.4550185  14.458662  -19.552494  7.695245  -34.945713  44.2267  -1.957962  0.7738694  -20.195595  8.001652  23.017107  10.015993  -2.5350335  -47.132904  -22.882513  4.800101  34.429165  -28.827665  16.938799  -2.432092  8.051488  33.807957  11.522039  -7.5864196  -4.220246  -19.697777  26.187883  19.765345  23.705736  25.134262  -19.379297  -6.609474  17.295162  -25.180683  24.372421  29.108824  3.4121344  21.907824  6.957306  -7.821176  11.654982  -3.3605883  43.623356  -21.750765  2.876856
0
-9.1965685  -7.738459  2.7099152  2.609119  16.395359  -2.0573704  -0.5374172  3.2114987  -0.03366317  5.933729  -1.1390139  9.418487  8.612571  -4.432318  -4.2158546  1.1772912  0.6256937  2.3929996  2.4625227  2.7282407  2.2137728  7.696437  -4.7288404  -2.1442502  -0.15487124  4.2640743  -1.1875193  -2.5311542  -1.7342242  -2.223834  4.217699  -8.293014  6.488716  -0.1736267  -1.8182867  2.7651074  -2.6171055  0.34653842  -5.6159654  -4.746957  -2.0771532  -1.8509033  -1.3891819  3.039463  0.5586619  1.5920843  2.769635  0.6165562  -2.7677543  -3.2239983  -1.6171068  -1.9824171  2.2600882  2.2483213  0.9538785  0.6605802  -2.0428421  -1.2754478  1.1367481  -3.8157892  -1.6205157  -2.0171552  1.7108439  1.9201071  0.2763857  -0.1481028  -12.954734  -2.0498543  1.483357  2.9569068  -1.03714  4.2275  -3.3972793  1.5571871  -5.6553683  -0.5162441  1.1157591  4.74072  -6.4418354  0.85399157  -1.9069672  -7.4336977  1.1774112  -3.7943187  -0.3504067  2.0338922  1.0762917  -1.8220432  0.29644966  -0.46768767  -1.8011299  -0.43514436  4.7386017  2.5922685  1.7853712  -1.7409317  0.12122095  1.4933437  1.8114836  -0.8512493
0
0.0466044  1.6308511  4.123861  1.2831687  4.744292  -1.2284871  -0.4363216  2.7064629  -1.6282761  2.176007  -0.92070097  5.4215946  5.489206  -1.7068496  -1.029241  0.50232637  0.6077981  1.0277734  1.4684906  2.5047321  0.28368542  2.751877  -0.83606106  0.22102934  1.3134642  1.5788829  0.09850411  -2.4423695  -0.08277594  -0.8435502  1.114207  0.123133555  -0.010678238  -0.53313696  -2.5092678  -1.2489399  0.16778752  -0.07496401  -1.2543441  -1.1406859  0.85292494  -0.48165914  1.459051  -0.75895596  -2.2533872  3.1946971  0.7379173  -0.8208866  0.1376897  1.098061  0.52815133  -1.5612096  1.0241017  -0.45520446  -0.108154126  2.7390313  -0.68659794  0.38314486  2.7559536  2.5301003  2.3431537  2.5726247  0.62978816  -1.5249608  1.6957966  -0.13996972  -1.7655604  0.096532896  -0.80008554  0.20452097  1.9537448  1.2550511  2.9727955  0.66270834  -0.30837768  0.0042399555  -2.1313295  5.8283005  -2.646843  0.74263227  -1.0112242  -0.21084705  -0.020730441  -0.033710536  -0.681273  0.56744015  -1.6321888  -0.117527544  0.46290833  -1.558256  -0.93443984  0.41779882  1.054497  -0.95752037  -2.1786773  0.8992847  1.0604566  1.7341969  0.19308522  0.04062985
0
-2.7168837  0.067858  3.5525239  1.2828745  5.9324455  2.27226  0.2848821  2.2419229  -2.8240304  1.7140427  -0.75217295  4.829686  5.306915  -2.5263948  0.6482087  -1.026438  0.29621068  2.3177507  2.7464404  1.7265624  0.5757464  3.6300833  -1.4010161  0.97508717  1.2854043  0.5680388  -0.5846692  -1.04573  0.09798906  -0.12512538  -0.04165528  -1.8321332  0.74711674  0.35732815  -1.2322367  -0.36715835  0.6537729  -0.00037872174  0.3945061  -1.4198912  0.8802175  -0.44312474  0.10058843  -0.3766316  -0.43621105  2.6705666  1.7814999  -0.62402165  0.110682316  -0.9728381  0.5212647  -1.9703321  1.9401908  1.277917  -0.6602104  3.5975583  1.2666106  1.3706086  1.6659305  0.7279726  1.0586958  1.3296825  0.6910044  0.9266023  0.64331234  -0.27584863  -1.9458979  1.1232647  -0.55599296  -0.42606547  0.779758  1.1991979  1.076915  -0.057610903  -0.15126786  -0.71535283  -2.000062  3.7741144  -4.05415  0.44702813  0.08901603  -0.8849929  0.536464  -0.6382652  0.49267542  0.2314409  0.2079214  0.09920955  0.7363351  1.0396672  0.321626  -0.14195268  -0.004455747  -0.74545383  0.47651768  0.15343508  -0.08896661  1.5168413  0.9409759  0.6073621
0
-85.84872  -44.306072  -6.627227  6.212536  7.6417456  21.08249  3.209208  29.26636  19.424555  16.4854  12.184047  16.509418  14.047882  13.833139  -2.8355834  -10.728929  5.4935794  16.280098  15.164108  10.515699  -10.832402  1.7361163  -2.4281032  10.023338  12.587739  -1.8492929  7.1075435  8.464285  -9.669782  11.679396  10.083399  5.812566  14.348978  1.3654666  -16.630053  -13.109009  9.951029  2.0452237  -13.97238  11.44972  4.8640256  7.4607377  -9.546432  -18.031122  -0.23493725  -7.4321723  5.6788573  2.2608016  -5.2603765  5.291697  -2.1837099  13.175685  3.3729057  -2.6742957  -1.0683959  -3.0382397  -0.35707945  -12.405212  0.27960864  0.617599  5.7701902  -3.9879327  -2.9595313  0.25194594  4.145621  -13.093283  -22.948977  -6.6175117  2.3482802  10.0470915  1.5195332  27.993406  -2.080941  9.498398  -5.192933  -4.6986566  4.9819465  0.29556155  9.758853  -6.403777  -8.032229  15.625376  7.274543  -1.4794228  0.25550428  -10.488165  -6.5284395  1.5972458  -4.872684  -5.169248  -6.635094  -3.0462747  -2.4932697  2.4579978  5.407619  -16.151144  -3.0496595  -16.884876  3.1188946  -11.040367
0
-0.6327676  1.5288191  1.8534875  0.2774501  5.210115  2.6559796  0.2021586  2.4737127  -1.5674702  1.8704116  2.4017882  3.8251705  2.847902  -3.0000732  2.6196318  -2.2694461  -2.8110068  3.099641  -0.6358767  0.47616956  3.4663525  4.2125883  -0.30985734  -1.061685  2.657064  -0.92002594  -0.19800766  1.213039  2.3868957  -1.299211  0.14452973  -1.8441286  1.3147349  0.60909116  -0.26496008  0.1463453  -0.38804525  -0.40923703  -0.13455765  -1.0724232  1.911591  -2.011717  0.12034176  0.097819895  -0.6272744  3.6789355  -0.013254687  -1.751976  0.14305624  -2.41924  -0.11006008  -3.1743484  2.9779549  0.34201983  1.1713026  0.84812367  1.9935176  -4.353448  -0.17977995  0.79385  -1.0871284  -1.5769386  1.2367882  2.0407684  2.4021301  -0.29058132  -1.3246986  1.6866908  -0.16304806  -1.1522783  2.8954732  0.42461747  -0.03307281  5.431939  -0.25337237  1.4477984  -0.8111324  2.7481809  -2.7114596  1.5858538  -0.9499709  0.36595547  -0.3605799  -1.1505033  0.4460492  -1.3255594  2.6793163  0.012283844  2.7744937  1.7318848  -4.1570115  4.881248  -2.5963793  0.66810566  -1.7658638  -0.9029321  1.5018749  2.0139246  -0.5228069  0.7355844
0
0.7745842  0.43991318  5.198852  3.228824  6.0429006  -0.56995547  -1.6091694  3.8219934  -5.2556534  5.9548273  -2.8796518  5.9353538  6.03137  -3.5362065  4.1248317  -4.150418  -1.8478514  4.6441846  3.1598966  8.049736  0.6408648  8.824754  -0.5756431  -1.3874167  -0.27083135  3.7316499  1.5341159  1.482928  1.9505382  2.2081034  -0.1704735  -2.5512433  1.4009436  2.0006757  -3.3374522  -0.6067614  0.7190856  0.82786065  1.3105881  0.26310116  -0.058420386  -6.3823  1.2754574  -3.1191437  -1.6208746  2.6401515  0.2296056  1.5634265  5.8870187  -2.0232008  0.75614816  -8.180012  4.6574306  2.4078887  2.9989052  2.6876748  -0.9642444  0.32355577  2.755176  0.5096432  3.9090116  2.0224233  2.2058573  2.9093218  1.2900364  2.4466255  -0.98399264  -1.7271045  -2.0560284  -1.1326458  3.468048  -0.0051570786  -0.29816434  4.2430615  -0.7430055  -0.4856026  -5.327258  6.078282  -5.0378847  1.1674895  2.5429587  0.90444845  1.8568146  -0.021227187  3.5880115  0.17113857  -0.9464363  1.4594378  1.8735772  -1.1495912  1.9873371  -0.60435283  -1.5928406  -2.0422273  0.8505921  -1.3763932  -0.32538217  2.6879976  -1.6941575  3.162935
0
-41.907963  -20.138302  -21.298906  -13.140598  48.49714  -2.4698806  33.90483  1.2044421  -14.95214  7.080655  -28.34847  35.68681  -15.639839  -16.233156  -10.511932  -42.40159  39.294353  9.700011  -1.6734456  3.3532522  1.1058705  30.865555  -36.061478  21.096786  -16.490372  11.230313  11.268648  3.7484941  10.21501  -11.284625  -11.217456  30.527145  -3.7086112  2.3304734  -10.589528  -10.315593  0.73530066  -18.572613  -5.0954976  36.61971  -13.486221  -38.13266  -40.41322  9.187835  -6.6587763  11.700814  7.922342  7.308748  15.871746  1.7183169  -1.0150377  3.0622437  5.6525593  -14.019266  -8.523606  10.462184  6.0698915  -12.004926  -4.8685107  -2.7528126  12.655137  0.8305932  -8.723184  5.955677  0.18719319  11.429046  31.112167  19.887177  22.00516  4.0191636  -11.470382  -5.257402  -4.717  -7.156704  18.498425  -2.0947037  21.847622  16.931828  17.009165  -3.001496  13.987294  22.225807  8.241198  -1.155781  -10.809795  -10.316952  -2.0791361  2.6100056  -10.423447  -3.254098  10.325507  7.604164  -7.077932  -2.3951225  5.4407845  11.941242  10.294644  -4.0787344  1.7114351  -12.437402
100 2 1
2
0
-37.015133  -17.48666  -18.28798  -10.978143  43.549034  -2.7003694  29.69709  1.684499  -13.5574  6.4586263  -25.530636  31.724756  -12.386381  -14.44458  -9.89013  -37.93947  34.47507  8.912818  -1.006007  3.4742231  1.3302495  27.598606  -32.0851  18.816803  -14.526711  9.545973  10.222846  2.2931516  8.605072  -10.094851  -9.822166  26.894344  -3.3216727  2.0436685  -9.356393  -9.356228  0.05826572  -16.151047  -4.546638  32.132675  -11.390986  -33.30213  -35.251137  7.62495  -6.42713  10.769553  7.400717  5.470977  13.451773  0.18344161  -1.1102071  2.372763  5.155993  -12.167982  -7.173977  9.382284  5.225513  -10.566354  -4.269033  -2.3123713  11.16597  1.0480304  -6.915429  4.8542542  0.5772481  10.200614  27.853697  17.29455  19.45633  3.7248216  -9.710053  -3.9653647  -4.5333657  -6.0324802  15.692743  -0.6308835  18.62967  16.167894  14.358308  -2.4545262  12.464941  19.787462  7.8837166  -1.210603  -8.925422  -9.029123  -2.4335  2.3584168  -9.511847  -3.2901936  8.605709  6.6541696  -6.274028  -2.2868288  4.80043  10.746372  9.222543  -3.6063182  1.3359412  -10.6448765
0
-6.8284907  -21.532295  -6.4256134  -5.0354166  10.071898  -16.732494  11.295629  -1.0112473  -15.65277  14.300998  1.530275  0.026510393  2.988794  6.534182  5.7710433  -1.061816  -3.6636314  -5.814266  9.9500885  1.6948917  0.9276325  -10.213791  -7.5626755  13.295986  -7.99528  7.138615  0.9903923  -20.604494  5.4503965  0.7897262  3.5347767  15.299886  -7.537721  -2.5863843  -3.9042425  -3.4696364  2.9660976  7.0023828  2.2710993  -2.8458967  -2.5099573  -1.4438237  7.109893  -9.321191  -5.436963  15.829155  5.2641015  -2.5029287  11.002012  -2.7368605  4.360826  -0.39082915  7.811986  -3.056851  -5.4334617  5.1242776  -3.2078848  -8.747001  0.2868565  -3.386957  7.5003467  -4.059861  -2.0127773  -4.7029805  0.8849367  -6.3214946  -0.04220943  8.430198  6.578632  16.332407  -7.312231  -8.000855  -2.1183784  3.5735908  -3.1634486  4.1813726  4.4288573  5.054648  2.398352  0.9891559  3.2863722  -2.5315602  3.3122742  -1.1439767  1.3050764  1.3012953  2.9470637  9.001063  -3.1146889  -0.3682554  -1.223424  8.173484  -0.5408101  -6.810101  7.0414524  -5.5899205  -5.2784333  2.0072446  -0.5968679  3.2684205
100 2 1
3
0
0.5532071  1.5122769  4.042753  2.229278  6.161983  0.6372754  1.4413027  2.834044  -1.5199901  1.6762608  -1.8044146  4.9040065  3.7266092  -2.8156996  0.79674125  -0.36731163  0.054092042  2.2758846  2.3257  3.062972  1.217149  3.4034514  -0.46743146  -0.44038785  1.2583346  -0.006635681  0.08625054  -1.3265406  0.28134745  -0.15885054  0.8548153  -1.1593401  0.8266632  0.92790383  0.12422205  -1.0244309  0.057419937  0.45489943  -0.8174597  -1.0411276  0.90208787  -0.7934644  0.60907984  0.1497275  -1.9770449  5.5865355  1.5998211  -1.7668225  0.66983426  -0.91459846  1.3206743  -3.7929037  2.5585527  2.4690032  1.1400217  3.4545133  0.48377702  -0.5828141  -0.5568284  0.69855785  -0.83301365  0.9814365  0.91788614  0.38772446  0.13475883  0.27496442  -0.5601649  0.23993753  -1.2607917  0.26325813  1.4346012  0.9735113  0.5520264  0.5933035  -1.459411  -1.4840704  -0.93735325  5.267802  -2.3518023  1.1545552  -0.13173184  -0.5070943  0.48565617  -1.3473455  -0.19642055  -0.07382803  0.71943784  -0.37700862  1.2182491  0.839323  -1.2812456  1.6033639  -0.31264663  0.17540069  0.75176984  0.7606579  -0.24367557  1.4499068  0.5923193  0.2888525
0
-2.0004394  1.707901  2.436499  0.96456635  4.691782  -0.5217303  2.0952976  7.203683  -2.202936  3.7476747  -1.4394959  5.2047505  4.813651  -1.0517203  2.8451827  0.88271034  0.8777212  1.3789324  1.9658561  3.6727448  -0.18059207  1.5878823  -3.4813776  0.9222225  3.6424441  -0.985523  1.9264212  -2.3985267  -0.30287907  0.49655944  0.051553052  -3.3973684  2.1135268  0.9098065  -1.1613523  -2.20906  -1.5072466  1.8948795  3.2063498  -0.5250258  1.6542181  -0.96736306  0.75709504  -2.2852416  0.8389025  5.580423  0.32004943  -1.0496734  -0.24881706  -0.5658635  3.2945843  -2.6020064  5.2216773  -0.32259607  0.8210496  3.9915144  1.4470754  -0.9074788  -0.3273431  1.8986312  -1.1748356  -0.24506289  -2.2930431  4.015258  3.3382635  -1.6618204  -0.5844604  0.5907595  0.90945965  2.6272995  1.2488462  1.2534006  2.993465  1.5674702  -0.084427916  -1.3347263  0.94162744  1.9665936  -3.4557765  3.3505752  -0.060084805  -0.31216204  0.40510014  -2.0433054  0.26792198  0.99099463  1.5016339  0.24979044  -0.7881719  0.7569019  -0.90932953  5.0037947  -3.0566952  -1.2664008  -3.1314394  1.3759174  -0.12846516  -1.5027081  1.6767458  0.4709735
100 6 1
4
0
-9.944757  -5.1196017  -4.7149963  -2.775876  11.721455  -0.13378605  7.6919985  0.12429738  -3.533438  1.788292  -6.2204156  8.167034  -3.5348592  -4.0400515  -2.5156362  -9.664785  9.146656  2.4476418  -0.3081184  1.2535796  0.24027139  7.213745  -8.391715  4.446735  -3.734213  2.9920185  2.6382189  1.0246044  1.863761  -1.9434738  -2.4380612  7.2404323  -0.93505156  0.36489767  -2.7860103  -2.360674  0.17621753  -3.9712076  -1.2450701  8.647309  -3.0208292  -8.403575  -8.993213  2.3880475  -1.7519939  2.5274842  1.9704069  1.5029421  3.82801  0.6545434  -0.3450773  0.69181955  1.0945374  -3.8040442  -2.2886863  2.4088373  1.7158296  -2.84895  -1.0554423  -0.90887994  2.8558393  -0.54920554  -2.0866683  1.0709904  0.13856952  2.8118675  6.8133173  4.450222  4.654155  0.962011  -2.3154893  -0.7500874  -1.4092599  -1.7260451  4.3830533  -0.56487477  5.215706  3.6047482  3.8106375  -0.8728704  3.06277  5.333967  1.7304021  -0.5192774  -2.3506093  -2.7548208  -0.2866534  0.7463955  -2.6113014  -0.4443816  2.4353485  2.0360596  -1.4850359  -0.19132394  1.5456125  2.4821005  2.4896593  -0.9409151  0.098456144  -2.7154236
0
-9.944757  -5.1196017  -4.7149963  -2.775876  11.721455  -0.13378605  7.6919985  0.12429738  -3.533438  1.788292  -6.2204156  8.167034  -3.5348592  -4.0400515  -2.5156362  -9.664785  9.146656  2.4476418  -0.3081184  1.2535796  0.24027139  7.213745  -8.391715  4.446735  -3.734213  2.9920185  2.6382189  1.0246044  1.863761  -1.9434738  -2.4380612  7.2404323  -0.93505156  0.36489767  -2.7860103  -2.360674  0.17621753  -3.9712076  -1.2450701  8.647309  -3.0208292  -8.403575  -8.993213  2.3880475  -1.7519939  2.5274842  1.9704069  1.5029421  3.82801  0.6545434  -0.3450773  0.69181955  1.0945374  -3.8040442  -2.2886863  2.4088373  1.7158296  -2.84895  -1.0554423  -0.90887994  2.8558393  -0.54920554  -2.0866683  1.0709904  0.13856952  2.8118675  6.8133173  4.450222  4.654155  0.962011  -2.3154893  -0.7500874  -1.4092599  -1.7260451  4.3830533  -0.56487477  5.215706  3.6047482  3.8106375  -0.8728704  3.06277  5.333967  1.7304021  -0.5192774  -2.3506093  -2.7548208  -0.2866534  0.7463955  -2.6113014  -0.4443816  2.4353485  2.0360596  -1.4850359  -0.19132394  1.5456125  2.4821005  2.4896593  -0.9409151  0.098456144  -2.7154236
0
-11.337404  -9.041994  -1.7768075  0.21529569  15.310354  4.3411293  4.984806  -1.3586911  -3.8802042  3.116114  -1.9898808  6.352101  -1.9403634  -6.5310974  -2.974529  -6.7627354  8.382021  4.2259507  0.56780386  5.915152  0.14262594  7.0701904  -7.6328845  -0.59352577  -2.3464143  6.5640297  2.4734538  2.5352724  -3.4306529  5.05377  -0.44379795  7.830514  -1.6078202  -1.4764348  -5.901189  -1.7545282  0.17194512  -0.17711435  -1.6921117  9.101368  -1.4858454  -2.936661  -4.0374403  4.682659  -3.613656  0.46450344  2.931357  -0.5435152  4.9643764  3.0982473  -1.3049676  0.255356  -1.2314142  -8.91225  -5.175252  2.0802033  4.7055583  -3.1613421  -0.08948153  -3.4093366  1.760251  -7.960764  -2.564998  -2.2493742  1.058861  4.138488  1.8246502  2.269271  -0.4221664  1.2306163  1.4684293  4.0012407  -4.433376  -2.141459  4.7980638  -1.4029044  5.8964176  0.06242791  1.7531286  -2.4823425  0.81632835  6.5324626  -0.29114884  -2.948008  -0.36968595  -6.127361  1.8402249  1.9862728  -4.2019753  2.871862  2.610003  4.36021  0.16576901  3.5392137  4.3131375  -0.70790285  3.3185186  -0.6411947  -2.9403405  -0.66982055
0
-12.172994  -11.395428  -0.0138940215  2.0099986  17.463694  7.0260763  3.3604891  -2.2484844  -4.0882635  3.9128063  0.5484401  5.2631397  -0.98366547  -8.025726  -3.2498643  -5.021506  7.9232383  5.2929363  1.0933573  8.712094  0.084038734  6.9840574  -7.1775856  -3.6176805  -1.5137343  8.707236  2.374595  3.4416728  -6.6073036  9.252116  0.7527596  8.184563  -2.0114813  -2.5812345  -7.770297  -1.3908406  0.1693817  2.0993416  -1.9603367  9.373802  -0.56485605  0.34348753  -1.0639757  6.0594263  -4.730654  -0.77328503  3.5079265  -1.77139  5.6461973  4.56447  -1.8809016  -0.0065222085  -2.6269863  -11.977172  -6.9071903  1.8830225  6.499395  -3.3487773  0.4900947  -4.9096107  1.1028985  -12.407698  -2.8519955  -4.241591  1.6110362  4.9344597  -1.1685499  0.96070063  -3.4679582  1.3917797  3.7387817  6.852036  -6.247845  -2.3907073  5.04707  -1.9057225  6.3048453  -2.0629637  0.51862407  -3.4480262  -0.5315367  7.2515607  -1.5040803  -4.405248  0.8188677  -8.150885  3.1163523  2.730199  -5.156379  4.8616066  2.7147956  5.7547  1.1562519  5.777536  5.9736514  -2.621905  3.815834  -0.46136245  -4.7636185  0.5575414
0
-12.172994  -11.395428  -0.0138940215  2.0099986  17.463694  7.0260763  3.3604891  -2.2484844  -4.0882635  3.9128063  0.5484401  5.2631397  -0.98366547  -8.025726  -3.2498643  -5.021506  7.9232383  5.2929363  1.0933573  8.712094  0.084038734  6.9840574  -7.1775856  -3.6176805  -1.5137343  8.707236  2.374595  3.4416728  -6.6073036  9.252116  0.7527596  8.184563  -2.0114813  -2.5812345  -7.770297  -1.3908406  0.1693817  2.0993416  -1.9603367  9.373802  -0.56485605  0.34348753  -1.0639757  6.0594263  -4.730654  -0.77328503  3.5079265  -1.77139  5.6461973  4.56447  -1.8809016  -0.0065222085  -2.6269863  -11.977172  -6.9071903  1.8830225  6.499395  -3.3487773  0.4900947  -4.9096107  1.1028985  -12.407698  -2.8519955  -4.241591  1.6110362  4.9344597  -1.1685499  0.96070063  -3.4679582  1.3917797  3.7387817  6.852036  -6.247845  -2.3907073  5.04707  -1.9057225  6.3048453  -2.0629637  0.51862407  -3.4480262  -0.5315367  7.2515607  -1.5040803  -4.405248  0.8188677  -8.150885  3.1163523  2.730199  -5.156379  4.8616066  2.7147956  5.7547  1.1562519  5.777536  5.9736514  -2.621905  3.815834  -0.46136245  -4.7636185  0.5575414
0
-11.337404  -9.041994  -1.7768075  0.21529569  15.310354  4.3411293  4.984806  -1.3586911  -3.8802042  3.116114  -1.9898808  6.352101  -1.9403634  -6.5310974  -2.974529  -6.7627354  8.382021  4.2259507  0.56780386  5.915152  0.14262594  7.0701904  -7.6328845  -0.59352577  -2.3464143  6.5640297  2.4734538  2.5352724  -3.4306529  5.05377  -0.44379795  7.830514  -1.6078202  -1.4764348  -5.901189  -1.7545282  0.17194512  -0.17711435  -1.6921117  9.101368  -1.4858454  -2.936661  -4.0374403  4.682659  -3.613656  0.46450344  2.931357  -0.5435152  4.9643764  3.0982473  -1.3049676  0.255356  -1.2314142  -8.91225  -5.175252  2.0802033  4.7055583  -3.1613421  -0.08948153  -3.4093366  1.760251  -7.960764  -2.564998  -2.2493742  1.058861  4.138488  1.8246502  2.269271  -0.4221664  1.2306163  1.4684293  4.0012407  -4.433376  -2.141459  4.7980638  -1.4029044  5.8964176  0.06242791  1.7531286  -2.4823425  0.81632835  6.5324626  -0.29114884  -2.948008  -0.36968595  -6.127361  1.8402249  1.9862728  -4.2019753  2.871862  2.610003  4.36021  0.16576901  3.5392137  4.3131375  -0.70790285  3.3185186  -0.6411947  -2.9403405  -0.66982055
100 10 1
5
0
-0.19411889  -1.0929943  3.2636182  0.7845297  6.3817015  -1.377626  0.77488375  2.8002582  -0.74868804  4.661513  -2.1206386  2.3208597  2.9355702  -4.643492  0.9990465  -0.6641628  2.40287  4.5726733  3.14007  1.1747996  0.27796227  4.7935534  0.93874216  -0.8661985  2.4473574  0.9166717  -1.5624412  -0.83377194  2.4190524  -2.7863195  3.5194156  0.83017206  1.5140662  0.8421182  0.31141818  1.8408649  1.4676533  -0.17344166  2.0191796  -1.4806471  1.0325555  -2.6951768  -1.0158315  -1.156385  0.47540304  3.775363  2.9496608  -1.793978  3.1520295  -3.1448674  -0.55745625  -2.2557523  1.2118529  2.32198  1.6368781  3.5302572  -3.53027  -0.38993037  3.0677495  4.967976  1.8187531  1.1610816  4.0664244  3.0012848  -4.1418557  -1.2352945  1.0417149  -0.27228102  0.13023375  -2.157355  1.2000403  -0.41509658  0.86722505  1.7748944  2.766373  -3.3751318  -0.70246893  7.180011  -6.9302454  -1.1808978  0.2724994  0.573722  2.338711  -1.1187671  0.43333107  -2.1414409  -0.48726425  -1.4262546  -0.650167  0.072301164  2.1122801  0.39581066  -0.49392638  0.94279176  0.67585313  -1.6562222  -1.2720393  2.6836627  1.5295975  3.060514
0
-0.12567818  1.5769458  2.9660146  1.4383351  5.9472513  -0.7636218  0.6102733  2.526765  -3.5755298  2.9342368  0.012903418  6.0915565  3.9729872  -3.4710035  2.2647398  -2.2669299  1.1084937  3.7866268  2.1998525  3.1753125  1.5310379  3.515335  0.038893238  -1.1343187  1.1133852  1.7473674  -1.4239055  -1.8778951  -0.86995184  0.2859031  0.810731  -0.8735621  0.7494453  2.8355129  -0.2149545  -1.5744299  -0.072128005  0.17901517  -1.3298368  -2.8765492  1.6009643  0.7526825  0.65076554  -0.02689868  0.36983618  6.0596094  1.3503215  -1.1182855  -2.291276  -1.4305335  -0.006469178  -7.7900596  2.7298174  2.3309712  1.7210355  4.026611  2.0920556  -1.0100085  3.366468  0.498179  0.13996232  3.3906205  1.2859789  0.77268624  -0.27697992  -1.3041694  -0.013045168  1.2908883  -1.6094223  0.71580106  0.27539083  1.5978273  2.495907  2.0646353  0.29515234  -1.0587194  -0.8218994  5.731532  -2.890422  3.5917456  -0.14621979  -1.8364756  0.21008565  -1.216417  0.44809678  0.23272267  0.24722314  1.0684819  -1.5363691  1.9692737  -2.0116374  3.0264387  0.19853202  -0.4136995  -0.68086773  0.14364785  0.170844  1.6335473  0.5790881  0.56934196
0
-1.5443752  -5.248788  3.0823264  2.08012  7.2529073  -0.49515164  3.3652747  0.55641264  -4.276974  1.8951247  -2.9519732  3.9681168  5.0868664  -1.9469652  -0.67954576  -0.32473034  0.8732411  1.6655749  1.8162315  2.0289354  1.054151  2.3919187  -2.700708  4.518768  -0.045143083  2.6383543  1.2544742  -3.350615  -0.40705323  -0.61608315  1.3706769  1.3321116  -1.2308853  0.33888033  -1.5437828  0.48324934  -1.6183841  1.8234844  0.1582039  -0.33350235  -0.16704866  -1.2916911  0.5634946  -3.1678557  -2.8384852  5.0600204  3.5982354  -2.77063  3.8326766  -2.8194118  2.1356509  -2.085295  3.7342403  0.45800796  0.30842158  3.537947  -1.2877185  -2.8139672  -1.6148515  1.7150058  2.6843393  1.5685209  -1.2064619  0.62189233  0.31136543  0.65208125  0.32328463  3.18608  -0.21384645  2.585376  -1.1301204  -2.4694226  0.8089631  0.51015204  -2.387588  2.8810565  0.44057524  5.6159987  -2.7657483  -0.3827194  1.0906804  -1.8655524  1.989404  -0.24681635  -0.0049739107  1.0881009  2.4544876  2.0373597  -0.9447957  -1.9561014  -0.25881732  2.4624958  2.657539  -0.8585644  1.097954  -1.1997275  -1.865942  1.7803774  -0.45081544  2.274922
0
-2.2629712  0.09793496  3.5784898  1.7098538  5.594079  -0.7548033  -2.1077864  1.0376033  -3.8603354  5.9444423  -0.66167766  9.28789  7.3712473  -1.1117591  3.6447577  1.0652356  -0.514587  0.81049794  -0.5239064  3.089426  5.2031507  7.545195  2.1547055  -0.7107361  4.6120176  -0.9677113  0.4460901  -2.775597  5.6160607  -2.3437161  3.679805  -7.419195  5.095419  1.4128555  1.382963  2.8387287  -0.06725969  1.7100571  -1.196115  -2.8382535  4.4478245  -1.7020072  -4.518892  1.7075454  -0.85271436  7.4804683  4.1696324  -3.0158262  1.6405337  -4.194264  -2.8532095  -10.12205  0.93787944  2.9786105  -0.52272457  9.321691  -2.7397952  -8.50192  1.6174195  5.960003  -0.7470053  -0.025153672  1.3555766  -1.9552  1.1947583  1.4515868  -3.6590402  1.4193144  -0.8068579  1.7391204  4.583423  -0.9556877  3.3283892  1.076497  -0.6425582  -3.213054  -7.467889  4.942766  -10.115529  0.012360513  -3.2059414  -0.7627543  -7.3193173  2.2467616  -1.1190491  1.6510366  5.691386  -1.4158609  2.894163  -7.359743  1.2691859  6.57948  -4.2810903  0.34426856  -5.3344216  0.4170569  2.1754162  7.31239  2.4526577  3.9262538
0
-2.2629712  0.09793496  3.5784898  1.7098538  5.594079  -0.7548033  -2.1077864  1.0376033  -3.8603354  5.9444423  -0.66167766  9.28789  7.3712473  -1.1117591  3.6447577  1.0652356  -0.514587  0.81049794  -0.5239064  3.089426  5.2031507  7.545195  2.1547055  -0.7107361  4.6120176  -0.9677113  0.4460901  -2.775597  5.6160607  -2.3437161  3.679805  -7.419195  5.095419  1.4128555  1.382963  2.8387287  -0.06725969  1.7100571  -1.196115  -2.8382535  4.4478245  -1.7020072  -4.518892  1.7075454  -0.85271436  7.4804683  4.1696324  -3.0158262  1.6405337  -4.194264  -2.8532095  -10.12205  0.93787944  2.9786105  -0.52272457  9.321691  -2.7397952  -8.50192  1.6174195  5.960003  -0.7470053  -0.025153672  1.3555766  -1.9552  1.1947583  1.4515868  -3.6590402  1.4193144  -0.8068579  1.7391204  4.583423  -0.9556877  3.3283892  1.076497  -0.6425582  -3.213054  -7.467889  4.942766  -10.115529  0.012360513  -3.2059414  -0.7627543  -7.3193173  2.2467616  -1.1190491  1.6510366  5.691386  -1.4158609  2.894163  -7.359743  1.2691859  6.57948  -4.2810903  0.34426856  -5.3344216  0.4170569  2.1754162  7.31239  2.4526577  3.9262538
0
-2.2629712  0.09793496  3.5784898  1.7098538  5.594079  -0.7548033  -2.1077864  1.0376033  -3.8603354  5.9444423  -0.66167766  9.28789  7.3712473  -1.1117591  3.6447577  1.0652356  -0.514587  0.81049794  -0.5239064  3.089426  5.2031507  7.545195  2.1547055  -0.7107361  4.6120176  -0.9677113  0.4460901  -2.775597  5.6160607  -2.3437161  3.679805  -7.419195  5.095419  1.4128555  1.382963  2.8387287  -0.06725969  1.7100571  -1.196115  -2.8382535  4.4478245  -1.7020072  -4.518892  1.7075454  -0.85271436  7.4804683  4.1696324  -3.0158262  1.6405337  -4.194264  -2.8532095  -10.12205  0.93787944  2.9786105  -0.52272457  9.321691  -2.7397952  -8.50192  1.6174195  5.960003  -0.7470053  -0.025153672  1.3555766  -1.9552  1.1947583  1.4515868  -3.6590402  1.4193144  -0.8068579  1.7391204  4.583423  -0.9556877  3.3283892  1.076497  -0.6425582  -3.213054  -7.467889  4.942766  -10.115529  0.012360513  -3.2059414  -0.7627543  -7.3193173  2.2467616  -1.1190491  1.6510366  5.691386  -1.4158609  2.894163  -7.359743  1.2691859  6.57948  -4.2810903  0.34426856  -5.3344216  0.4170569  2.1754162  7.31239  2.4526577  3.9262538
0
5.8767357  -10.108368  4.9004993  1.9824408  0.05522333  -1.2377455  -3.8155506  5.5219336  3.4132655  3.5405097  3.8542929  -0.18657185  -0.6931965  -4.2073298  7.4428935  1.6067514  -4.3732343  4.669047  4.6085525  -2.6432426  1.9480827  3.0247273  0.5466853  4.6473556  6.814589  0.7320627  -2.436447  -2.0962021  5.8862085  -3.3061044  -1.1720977  4.6252294  -4.2188816  3.779584  2.0099757  -7.060517  -3.4259083  -0.7271544  -3.278472  -2.3753328  -1.0366144  4.0511594  -1.8869187  1.5844672  1.1561564  2.1350234  4.641418  -3.520114  15.135554  1.5149463  1.2234259  -3.2864568  1.2611314  -2.9934149  -1.7179222  3.3460362  2.8037307  3.1195643  4.9687347  -2.3064272  5.0375934  2.6900032  -1.0399765  -6.1770906  1.5410551  5.0810637  2.6856256  2.2775624  0.0464878  1.3117509  -0.26941702  -3.2173815  2.3627527  4.6033654  -0.19223355  -4.7846155  8.325341  0.6032209  -1.7414776  1.7804648  -2.1930082  -1.0994977  -2.7325935  -5.646325  -2.7837749  1.6950241  -2.5132182  -0.4977934  1.2571084  -2.0899403  5.3874955  3.2408895  -2.4558287  -2.1464088  0.73548603  2.601942  -1.2974617  -0.09296815  -1.6803495  2.5831246
0
4.9247446  0.5045502  5.6083927  3.6585052  9.220443  1.2519959  -0.086838335  0.5381647  -1.927258  0.8997912  -2.3960698  6.69831  3.8938105  -3.4545138  -1.6374178  0.35597277  1.4691621  3.5720956  0.8464471  2.9879413  0.9293489  2.1542034  -1.1858298  0.5339639  2.3033314  1.2975227  0.53592247  -2.4768043  -0.4073589  -0.20955345  1.1613786  0.56345344  -0.18670988  2.1643093  -0.41154078  -0.050927494  0.8398908  1.2965314  -2.2188594  0.904344  -1.4717436  -3.0335348  -1.6080264  -2.420165  -1.9750298  7.057013  2.7327304  -3.2745004  -1.0874867  -1.8495237  1.232495  -1.9572299  3.740875  1.7781799  1.093928  2.9774556  -1.6362705  -5.586876  -0.90724415  0.87384856  1.4984065  2.082913  -1.7643477  4.160814  1.6816894  -1.1650392  -3.0569377  -0.3390895  0.5499881  0.94204944  3.115546  2.6635315  3.5298643  -1.6218417  -1.1624331  -0.11702681  1.2549604  6.1609464  -6.0282373  0.8918738  1.5207753  -0.187041  0.2651486  -0.7213486  -2.3068838  -0.7471098  0.051208794  0.11621662  1.8702927  -1.3041652  0.4290408  4.356703  1.4683678  -0.35609674  -3.2296343  0.6761492  -1.8538514  2.9793656  0.44379437  0.77774864
0
-42.71439  -22.668653  -12.783496  -8.450451  50.24037  -0.06666765  29.280222  5.3671265  -13.129171  11.168743  -22.747719  34.27114  -12.561541  -16.938631  -8.933204  -36.67574  32.111526  9.038519  -2.0677829  5.3392935  0.20583123  25.27319  -34.992825  21.715836  -13.7475815  12.574226  9.556998  1.189505  8.090077  -6.403784  -9.0438  30.213188  -0.78520185  1.7428545  -11.9030695  -11.705874  -1.1870085  -14.166814  -4.7011623  34.172916  -11.707911  -30.971676  -34.814846  6.498715  -5.986282  8.592455  7.1715407  5.6931577  12.957018  0.9589474  -1.0543228  2.6784668  3.4060538  -13.642051  -8.060836  8.447466  6.1170197  -10.70455  -2.8025932  -2.8399787  12.155003  0.56121147  -7.3872843  3.4980824  -0.19093552  12.054555  24.968798  16.97686  19.819544  2.8982909  -8.065393  -3.3692594  -5.8867016  -4.360658  15.940578  -2.0763276  22.225105  14.389713  16.245955  -3.8880224  8.401342  20.263893  8.113463  0.83676887  -9.88967  -7.9608197  -3.8631327  3.225413  -9.091414  -3.187136  7.4046335  5.1334043  -8.0225115  -3.988102  7.6548624  9.677988  9.287843  -5.30599  1.9879382  -12.686778
0
9.9831  -11.571953  -6.970263  16.33461  -12.911034  1.0107172  -6.834279  -10.274565  0.71974194  17.048813  -1.6178002  10.012399  14.679507  5.2568483  -0.6804468  0.47371906  -15.701222  1.3101305  -1.0636317  0.8663846  3.0940607  -1.717702  -4.3592277  9.352872  -2.646763  -4.026033  -5.6091948  -4.5466895  3.5936112  5.3741446  4.9022355  0.9404969  5.4036136  1.9506068  -2.4314644  -1.8933413  0.12073891  4.0901413  -2.1138039  -3.575373  -2.3074944  -6.431147  -3.144693  -3.338575  -4.742511  10.12866  12.16266  -3.455966  6.8980207  3.036571  0.9608387  -3.1077204  4.4540195  -12.26762  -0.67307353  7.755899  -3.376501  -7.852185  0.64712393  -3.595424  6.9158587  -5.0991583  -2.1309724  -2.0328515  2.040815  -0.8223709  -0.5815348  1.3477566  10.573447  -11.748856  3.3096619  -1.0415856  -4.35624  -0.50201416  3.6234317  -2.7887824  10.498463  4.183622  0.3847512  -0.5966843  1.4524101  2.612614  -9.181363  -0.59801334  -2.2240427  -1.579436  1.949069  0.7803161  -3.7206125  -0.932556  1.085109  12.278296  6.749295  -0.34689987  7.583808  0.46360415  6.9792304  3.6575503  13.716505  -2.7611818
100 1 1
6
0
-0.7757447  -0.37383732  0.5608207  0.3608017  2.2544346  0.9796053  0.31817454  0.5788743  -0.04448294  0.83866  -0.09028819  2.1319451  1.6543982  -0.029917821  -0.0052059144  -0.5421107  0.017148796  1.155376  0.66176337  0.2616768  -0.14423645  0.8321642  0.18135437  0.55248743  0.47978377  0.35562396  0.42385942  0.14168367  0.12821692  0.6632924  0.6949016  -0.18938333  -0.17452979  -0.14169359  -0.32295787  -0.15082842  -0.2074098  -0.2562307  -0.5998423  -0.3400912  0.04425505  0.050717127  -0.4369781  -0.21401735  -0.2303164  0.991845  0.12102803  -1.1518456  0.4487516  -0.5371614  0.1946965  -0.75146013  0.24422643  0.06470898  0.40969622  0.41656187  -0.2167663  -0.38889435  0.37669832  -0.5201623  0.3745471  0.47305024  -0.9810307  0.49040738  -0.58418393  -0.18875343  0.46388882  -0.15863751  -0.48905015  0.097815044  -0.0019309381  0.36535427  -0.08055509  -0.1368073  0.3175562  0.31696895  0.0503331  1.1139168  -0.9215155  -0.49791786  0.15910356  -0.52005446  -0.18405785  -0.17706338  -0.49773073  0.23890549  0.22734836  -0.2131606  0.33568645  0.1429098  0.41748768  0.023687564  0.01353563  -0.21923825  0.36525297  -0.11827804  -0.46788266  0.3395001  -0.098807745  0.04606682
100 3 1
7
0
-1.3982395  -1.4099244  4.8449636  0.9661281  7.5997405  2.2061079  -0.013992707  3.20255  -2.9251907  2.0102022  -0.9681335  5.5240264  5.148318  -3.3622317  0.01507465  -1.054969  1.0642047  2.221074  1.8210392  3.2530606  0.80800015  4.4417987  -0.027493421  -0.09927446  1.2664222  1.0316855  0.12961447  -1.2141622  0.02090338  -0.44922733  2.3711288  -0.24213517  0.59931904  0.6242859  -1.5401815  -1.4729744  -1.2344153  0.7774766  -1.137445  -1.6797523  1.4038618  -0.9603013  -0.28703237  -0.687333  -1.2671869  3.2738266  0.5375832  -2.1977735  0.47277004  -1.816614  0.5902031  -3.6157942  3.4053583  0.8044168  0.6391045  2.486907  -0.16779661  -0.31369206  -0.33172664  -0.06685562  -0.3866716  1.7718683  -0.34056562  1.3902459  0.10335337  0.20054314  -0.8769107  0.56527084  -1.0120345  0.10583987  1.6017338  -0.600327  0.41628674  0.77316976  -0.8128139  0.25538746  -1.3926374  6.4381447  -3.5551798  0.44914275  -0.092662744  -0.66021127  0.9912269  -1.2864872  -0.2791834  0.050139993  0.16167481  -0.84722745  0.87377536  -0.120823324  -0.2440017  -0.20434871  -0.557721  -0.39653927  0.075982794  -0.5380506  -0.025450079  1.1180441  -0.27563307  0.9110541
0
-1.7312022  4.389595  2.497358  2.9218545  7.4775386  3.4281795  -1.0680342  1.33606  -0.72630894  -1.6250156  -2.4923127  2.8591583  6.5166397  -0.24028333  -0.12656039  -0.2896437  2.4111252  -0.60585225  4.765665  1.1788707  3.7764056  1.9207841  0.40119842  0.5310981  1.0682462  -1.113113  0.34406066  -3.7087414  -0.049418353  1.647161  1.4331813  0.35124195  -0.15112306  2.425792  -0.65453714  -1.4305029  -2.2188594  2.501521  -1.2498018  -2.1210518  1.6502336  1.3674043  -2.6605275  -0.85341334  -2.7291822  0.24325503  1.6396947  -2.982863  -1.1391033  -2.2512996  -0.36211312  -0.6706621  5.914298  0.60286546  1.4134417  5.836863  0.12547986  1.8482854  -0.8444165  -0.7103558  -1.3205073  0.21683373  -2.338239  -2.653367  -2.892064  -0.45796505  -1.6631932  -1.1254194  -3.00042  -1.5731788  -0.49853772  0.27675685  1.12983  -1.3799008  -2.2632234  -2.537238  -0.20409901  8.31508  -2.754063  -0.26645437  0.082653515  -1.0830789  -0.8372335  2.5579264  0.83218014  2.3143318  0.26346132  0.32386205  -1.3227031  5.8579106  -0.49518192  2.9604046  0.5886984  -1.4536417  -2.172754  -0.32585305  -0.11541744  0.36610395  -2.0016174  0.7708797
0
-37.414204  -18.051691  -18.661537  -11.594059  44.18828  -1.9364965  30.35362  1.240309  -13.65157  6.467781  -25.50858  32.35113  -13.666721  -14.903054  -9.421523  -38.135185  35.482395  8.672929  -1.4260038  3.144284  1.0784616  27.827301  -32.42074  18.809479  -14.70092  10.227636  10.129572  3.1996903  9.086188  -10.289917  -9.900533  27.420464  -3.4089801  2.2558565  -9.464771  -9.40819  0.39393958  -16.51542  -4.7844286  32.83774  -12.026339  -34.33332  -36.426037  8.328002  -5.9841156  10.976296  7.2883496  6.3251796  14.34797  1.4478599  -0.9031725  2.4256573  5.5508733  -12.3551855  -7.5660515  9.554425  5.430041  -10.833886  -4.4544306  -2.3751056  11.362345  1.0313512  -7.696596  5.557858  0.11769914  10.025145  27.85586  17.87937  19.705338  3.5701213  -10.293201  -4.8261695  -4.1364717  -6.3617773  16.421366  -1.8184288  19.48139  15.845201  15.034354  -2.8442295  12.545329  19.820898  7.350657  -1.0732336  -9.850264  -9.118042  -1.7976173  2.209333  -9.377818  -2.9230254  9.461897  6.7236385  -6.197407  -2.274118  4.594552  10.647723  9.037102  -3.718597  1.4146776  -10.920852
100 1 1
0
0
-0.16373321  -0.46978483  0.19007911  0.2343622  0.3397973  -0.20940617  0.17123969  -0.19372591  -0.5883975  0.012203055  -0.50735515  -0.05850833  -0.07557908  -0.029553147  -0.32433113  0.24222596  -0.07854369  0.25777218  0.014200442  -0.09346132  -0.37534693  -0.08160645  -0.06788936  -0.33333537  -0.4796684  0.6026759  0.33657587  0.038674857  0.30273828  0.07563385  -0.2319819  -0.015179407  0.43475032  -0.021899618  -0.19792815  0.5307422  0.16582009  0.16205928  0.20252198  0.2302093  0.10018775  0.24087633  -0.20939937  -0.091213554  0.06286841  0.22035982  0.17511731  -0.141581  0.034354027  0.11224516  -0.38025007  -0.39455736  0.2864356  -0.21906812  -0.05372487  -0.02264925  0.18570639  -0.17980298  -0.0672506  -0.27272493  0.1389242  -0.30469438  -0.115511395  -0.19405718  -0.13034481  -0.24926223  -0.114549555  -0.32394442  -0.04977731  -0.07813814  -0.024907704  0.037609465  -0.2119443  0.11841579  0.083929114  -0.06770461  0.2602285  0.18754667  -0.023373682  -0.1128698  -0.008905328  0.02535135  0.035718676  -0.041768603  -0.08915501  -0.031112289  0.117757715  0.103474036  -0.11237475  -0.38499358  -0.16436355  0.2419008  -0.1038178  -0.006529761  0.05475576  -0.08079474  -0.0027273342  -0.10870062  -0.08762146  0.10664906
100 1 1
8
0
-0.034673437  -0.29331422  3.9926693  0.3857277  5.0951333  0.74399996  0.8702523  1.7364125  -2.1026013  1.2808043  -0.5906416  4.5386844  3.860409  -1.9327925  0.20579301  -0.36330172  0.027111199  1.814724  1.7911706  1.79924  0.82590145  3.2312796  -0.65614444  -0.32936284  1.0353185  1.6335195  -0.012537225  -1.7281041  0.80306584  -0.4610951  1.0552427  -0.97990984  1.3017641  1.214269  -1.0642291  -0.110445395  -0.39190194  0.5801548  -0.3873044  -0.844506  0.78208256  -0.9878108  0.48309392  -0.6380758  -0.8908415  3.1549585  0.31371668  -1.4985837  -0.13169764  -2.2827332  1.4032949  -2.021931  3.4046865  -0.22864635  3.197371  2.8964171  0.14430258  -0.48692334  0.46610677  0.19464742  -0.4733538  -0.124464974  -0.46787032  1.8483152  0.34678608  -0.5071744  -0.754732  0.52291685  -0.6149182  -1.1571175  1.1391462  0.7877938  1.3215872  0.4006842  0.15926994  0.22250931  -1.6151891  3.7031863  -4.5312085  1.4675918  -0.7191453  -0.7684144  -0.024954537  -0.9228224  0.37114125  0.35179293  1.5299909  -0.9633005  0.38554877  1.3204985  -2.4117284  2.2945719  -0.90631163  -0.06752209  -0.5457393  0.39439747  0.04570999  1.094009  0.11330413  -0.013452809
